4.559673896205838073e-01 5.440326103794160817e-01
2.147722208019765544e-01 7.852277791980234456e-01
3.075373387998600605e-01 6.924626612001399950e-01
4.362357397091115030e-01 5.637642602908884415e-01
5.193266876986679659e-01 4.806733123013320341e-01
5.748144020178382885e-01 4.251855979821616005e-01
4.816306198152083273e-01 5.183693801847916172e-01
5.478836313482721154e-01 4.521163686517278291e-01
4.414463847968162491e-01 5.585536152031838064e-01
6.180055230557206514e-01 3.819944769442794597e-01
5.778727326131689601e-01 4.221272673868310954e-01
4.358762565148505685e-01 5.641237434851494870e-01
5.718256396583973888e-01 4.281743603416026667e-01
5.155055982686778115e-01 4.844944017313221885e-01
5.413176698101566098e-01 4.586823301898433902e-01
4.952675765761636595e-01 5.047324234238363960e-01
5.819227715223266317e-01 4.180772284776733683e-01
5.854305001443055323e-01 4.145694998556944677e-01
5.131043659847707161e-01 4.868956340152292284e-01
5.093493499338183073e-01 4.906506500661816927e-01
3.349617648548203763e-01 6.650382351451795682e-01
5.139006901035992891e-01 4.860993098964007664e-01
5.476463492396889121e-01 4.523536507603110879e-01
5.788488223721078851e-01 4.211511776278921149e-01
5.863262347039118749e-01 4.136737652960881251e-01
5.987288148730932624e-01 4.012711851269068486e-01
5.094136034666814083e-01 4.905863965333185917e-01
3.382101724110968544e-01 6.617898275889031456e-01
4.982714046039489197e-01 5.017285953960510803e-01
5.223951547593875810e-01 4.776048452406123079e-01
4.520941473245139730e-01 5.479058526754859715e-01
5.116992561996476230e-01 4.883007438003524325e-01
6.258352498354521343e-01 3.741647501645479212e-01
5.352286662132631490e-01 4.647713337867368510e-01
4.227748884147548569e-01 5.772251115852451431e-01
4.637565708242212259e-01 5.362434291757788296e-01
5.106023093927768430e-01 4.893976906072231015e-01
4.614447577543316359e-01 5.385552422456683086e-01
5.285975641942435299e-01 4.714024358057564701e-01
5.821840282429381341e-01 4.178159717570618104e-01
4.676342759183144682e-01 5.323657240816855873e-01
4.720820765993085089e-01 5.279179234006915467e-01
5.256962071298858508e-01 4.743037928701140382e-01
4.752517692326971299e-01 5.247482307673029256e-01
4.710444732266687584e-01 5.289555267733312416e-01
4.729159847540969075e-01 5.270840152459030925e-01
5.644100019227796805e-01 4.355899980772203195e-01
6.046597979013236257e-01 3.953402020986764298e-01
4.329408440940197278e-01 5.670591559059802167e-01
4.620473834236614175e-01 5.379526165763386381e-01
5.481119795319685517e-01 4.518880204680313928e-01
4.309797702648849316e-01 5.690202297351150129e-01
7.408264118528790076e-01 2.591735881471209924e-01
5.526696941193625090e-01 4.473303058806375465e-01
6.165533026319865995e-01 3.834466973680134005e-01
6.293137820580010366e-01 3.706862179419989078e-01
4.686696811206650937e-01 5.313303188793349063e-01
6.078386520753322753e-01 3.921613479246677247e-01
5.193493629516771071e-01 4.806506370483228929e-01
5.154868712130880049e-01 4.845131287869119951e-01
5.772959110177582343e-01 4.227040889822417657e-01
6.960168725823902003e-01 3.039831274176098552e-01
4.764052034176139427e-01 5.235947965823860573e-01
4.887525452321797581e-01 5.112474547678202974e-01
5.039183245636433828e-01 4.960816754363566727e-01
4.136701996875957743e-01 5.863298003124042257e-01
3.804796702665425023e-01 6.195203297334574977e-01
5.063077293417728164e-01 4.936922706582271281e-01
5.438137600112465941e-01 4.561862399887534614e-01
5.053062917113109176e-01 4.946937082886891934e-01
4.825868368792882168e-01 5.174131631207117277e-01
4.817745559999430105e-01 5.182254440000569895e-01
5.294374632446889883e-01 4.705625367553109561e-01
6.510144151172236882e-01 3.489855848827763118e-01
5.490343441772662647e-01 4.509656558227338463e-01
4.460049227259014759e-01 5.539950772740985796e-01
5.190323835611526659e-01 4.809676164388473896e-01
5.233570791288354451e-01 4.766429208711646659e-01
5.241063138737240834e-01 4.758936861262758611e-01
5.491399399650711555e-01 4.508600600349288445e-01
4.750106644741671214e-01 5.249893355258329342e-01
5.678290632006985916e-01 4.321709367993012973e-01
5.162950673800890122e-01 4.837049326199109878e-01
5.639248276810941984e-01 4.360751723189057460e-01
4.801627973210027545e-01 5.198372026789972455e-01
5.319751445412611579e-01 4.680248554587388421e-01
4.146377748687500864e-01 5.853622251312498026e-01
4.989993988439786476e-01 5.010006011560212968e-01
4.698139358726185488e-01 5.301860641273815622e-01
5.391619565904196554e-01 4.608380434095804001e-01
5.183592730272664761e-01 4.816407269727334683e-01
5.446319968880840579e-01 4.553680031119158866e-01
3.017147736143296899e-01 6.982852263856702546e-01
5.423723999776579596e-01 4.576276000223420959e-01
4.613150122358854466e-01 5.386849877641146644e-01
5.434630230299483111e-01 4.565369769700516334e-01
5.985731914481458027e-01 4.014268085518542528e-01
5.107231123021009900e-01 4.892768876978989545e-01
5.137661795280911159e-01 4.862338204719088841e-01
6.438748004220343768e-01 3.561251995779655677e-01
4.905563356519522245e-01 5.094436643480477755e-01
4.091965931212258045e-01 5.908034068787740845e-01
5.093792041854222630e-01 4.906207958145776815e-01
5.548651704718856603e-01 4.451348295281143397e-01
5.496183053142882358e-01 4.503816946857118197e-01
4.466841789193317647e-01 5.533158210806683464e-01
5.582940751371997523e-01 4.417059248628001367e-01
5.220813935157353480e-01 4.779186064842646520e-01
3.762426905515725006e-01 6.237573094484275549e-01
4.468266654180882980e-01 5.531733345819117575e-01
5.791828065536228642e-01 4.208171934463772468e-01
5.782533331065673465e-01 4.217466668934327090e-01
4.496102583721067747e-01 5.503897416278933363e-01
5.213867578318873708e-01 4.786132421681126292e-01
5.061584093526589889e-01 4.938415906473410111e-01
3.057050724727853330e-01 6.942949275272147780e-01
4.015331838981721635e-01 5.984668161018278365e-01
4.750740573795109167e-01 5.249259426204890833e-01
5.329863692869885039e-01 4.670136307130114961e-01
5.387071686484086186e-01 4.612928313515913259e-01
5.035303549460421468e-01 4.964696450539579087e-01
5.875088528211223071e-01 4.124911471788776929e-01
4.132065779662175142e-01 5.867934220337825968e-01
5.101148633652795583e-01 4.898851366347204972e-01
4.943788406238905919e-01 5.056211593761092971e-01
5.075240278224615320e-01 4.924759721775384125e-01
4.836169950247131144e-01 5.163830049752868856e-01
5.013865466720627273e-01 4.986134533279373282e-01
5.680307098375471098e-01 4.319692901624527792e-01
4.308267181502062337e-01 5.691732818497937663e-01
4.929967180434349228e-01 5.070032819565650772e-01
4.746558476201112042e-01 5.253441523798888513e-01
5.204764958935022001e-01 4.795235041064979109e-01
5.188948515684044249e-01 4.811051484315955196e-01
3.309342331252297931e-01 6.690657668747702624e-01
5.886877328086871364e-01 4.113122671913128636e-01
4.897813339264051602e-01 5.102186660735947843e-01
4.990132145816056908e-01 5.009867854183942537e-01
6.383405197093402483e-01 3.616594802906598072e-01
5.293470796297852221e-01 4.706529203702147779e-01
5.513771968306379057e-01 4.486228031693620943e-01
3.318882927682175188e-01 6.681117072317824812e-01
6.024574983523041105e-01 3.975425016476957785e-01
4.927271134698311683e-01 5.072728865301688872e-01
4.725127306324934384e-01 5.274872693675065616e-01
5.832765843491982682e-01 4.167234156508017318e-01
3.928854595492937696e-01 6.071145404507062304e-01
4.687677452644634091e-01 5.312322547355365909e-01
5.896587815199462179e-01 4.103412184800537821e-01
4.957787421654209492e-01 5.042212578345790508e-01
5.378868243054460985e-01 4.621131756945539015e-01
6.121810496440931448e-01 3.878189503559068552e-01
4.997319099537845810e-01 5.002680900462154190e-01
6.172180251369951964e-01 3.827819748630047481e-01
3.281358896990589358e-01 6.718641103009410642e-01
5.280429332537365239e-01 4.719570667462635316e-01
4.970804687448814874e-01 5.029195312551185681e-01
4.292091454680678209e-01 5.707908545319321236e-01
5.108338718324023642e-01 4.891661281675976358e-01
5.583151171293960768e-01 4.416848828706039232e-01
5.506511292599618468e-01 4.493488707400381532e-01
5.176899869779871821e-01 4.823100130220127624e-01
5.654458548657309569e-01 4.345541451342690986e-01
3.428502189690985080e-01 6.571497810309014920e-01
5.775319328847688949e-01 4.224680671152310496e-01
4.853475165459105733e-01 5.146524834540895377e-01
3.821625753725791941e-01 6.178374246274208614e-01
4.386444866697847278e-01 5.613555133302152722e-01
5.072523705682649986e-01 4.927476294317350014e-01
3.894024550429865394e-01 6.105975449570135716e-01
4.870073373092562163e-01 5.129926626907438392e-01
5.516038238904962254e-01 4.483961761095038301e-01
4.966239787422874752e-01 5.033760212577125248e-01
4.283067587771020035e-01 5.716932412228979965e-01
5.853578996665753653e-01 4.146421003334246347e-01
5.161376981841914180e-01 4.838623018158086375e-01
4.743441831098833550e-01 5.256558168901165340e-01
5.198435777420111759e-01 4.801564222579887686e-01
5.559393126473326507e-01 4.440606873526673493e-01
5.270177998172341782e-01 4.729822001827658773e-01
5.165246299081710513e-01 4.834753700918289487e-01
5.559350097220595588e-01 4.440649902779404967e-01
5.164417237370201308e-01 4.835582762629798692e-01
5.166857190383461473e-01 4.833142809616539082e-01
5.893803713750319639e-01 4.106196286249680361e-01
2.173019566036034356e-01 7.826980433963964812e-01
5.540295503718005721e-01 4.459704496281994279e-01
6.073451881515238293e-01 3.926548118484760597e-01
5.586379323339308867e-01 4.413620676660691133e-01
4.412528970641910187e-01 5.587471029358089813e-01
3.754796147434426024e-01 6.245203852565573976e-01
7.775908060580495329e-01 2.224091939419503838e-01
4.841889795615937908e-01 5.158110204384062092e-01
6.128500797367876229e-01 3.871499202632124326e-01
5.473010585296631536e-01 4.526989414703368464e-01
5.051507476838361654e-01 4.948492523161637791e-01
5.694363604568674075e-01 4.305636395431326480e-01
5.075109517583807905e-01 4.924890482416192095e-01
5.651296827834836334e-01 4.348703172165164221e-01
4.774374284038146454e-01 5.225625715961853546e-01
5.373878781987093678e-01 4.626121218012906322e-01
4.497285800217300511e-01 5.502714199782700044e-01
4.796456327012043608e-01 5.203543672987956947e-01
5.432173670331973403e-01 4.567826329668026597e-01
5.250597660980311776e-01 4.749402339019688779e-01
5.128843164313591219e-01 4.871156835686408226e-01
5.211929102717917095e-01 4.788070897282081795e-01
5.229330537403719115e-01 4.770669462596281996e-01
5.951034462552826643e-01 4.048965537447173912e-01
4.206985471142851707e-01 5.793014528857147738e-01
5.158980703653216482e-01 4.841019296346784073e-01
5.293074030927417128e-01 4.706925969072582316e-01
4.154711315128911675e-01 5.845288684871088325e-01
4.865918007503436948e-01 5.134081992496563052e-01
3.100031653777649554e-01 6.899968346222350446e-01
5.486452351367538949e-01 4.513547648632461051e-01
4.998002698730539262e-01 5.001997301269460738e-01
6.304009170116922078e-01 3.695990829883077367e-01
5.148319693452289014e-01 4.851680306547710431e-01
4.992939436527532582e-01 5.007060563472467418e-01
4.907586627604295093e-01 5.092413372395704352e-01
5.662933689739997334e-01 4.337066310260002666e-01
5.130450573921063739e-01 4.869549426078936816e-01
4.334663354752318898e-01 5.665336645247680547e-01
4.650657420879892867e-01 5.349342579120106578e-01
5.081909283641246056e-01 4.918090716358753944e-01
3.893333383527417535e-01 6.106666616472582465e-01
1.643936162801774292e-01 8.356063837198225430e-01
2.634208505677015921e-01 7.365791494322984079e-01
4.890282143873430631e-01 5.109717856126568813e-01
5.817837579577628260e-01 4.182162420422371185e-01
4.781733081225433279e-01 5.218266918774566721e-01
5.406800525679307245e-01 4.593199474320693310e-01
5.265795786155353930e-01 4.734204213844646625e-01
3.195843872236552863e-01 6.804156127763447692e-01
5.098169706165583959e-01 4.901830293834416596e-01
5.460895216492298587e-01 4.539104783507701968e-01
3.313706005947687078e-02 9.668629399405230807e-01
4.205739610940957274e-01 5.794260389059042726e-01
5.380151458572707268e-01 4.619848541427292177e-01
5.392883924434972442e-01 4.607116075565027558e-01
4.886372343794140316e-01 5.113627656205860239e-01
4.715710144331128895e-01 5.284289855668871105e-01
5.170587011981474523e-01 4.829412988018525477e-01
5.375138540393457065e-01 4.624861459606542380e-01
1.335133768949557376e-01 8.664866231050443179e-01
6.863129521118578324e-01 3.136870478881421120e-01
4.866935105989708132e-01 5.133064894010291868e-01
5.812533814439055924e-01 4.187466185560945187e-01
5.345689004237698105e-01 4.654310995762301895e-01
6.192694246757159959e-01 3.807305753242840041e-01
4.766636002984165343e-01 5.233363997015834101e-01
5.791621721665339839e-01 4.208378278334660161e-01
5.204593519316877970e-01 4.795406480683121475e-01
5.993446069910541851e-01 4.006553930089458704e-01
5.765665248318090352e-01 4.234334751681909648e-01
6.068488373143360315e-01 3.931511626856639685e-01
5.963420881649529326e-01 4.036579118350470674e-01
4.634238649062101256e-01 5.365761350937898744e-01
6.070225122149248698e-01 3.929774877850751857e-01
5.416263513816118591e-01 4.583736486183880854e-01
5.414428185402196947e-01 4.585571814597803608e-01
5.327827102724985719e-01 4.672172897275013725e-01
5.830281112434321233e-01 4.169718887565678767e-01
5.009495022312893120e-01 4.990504977687107435e-01
4.188362287270736561e-01 5.811637712729263994e-01
3.540846955824678566e-01 6.459153044175320879e-01
6.518969768077143012e-01 3.481030231922856988e-01
5.128168614730893582e-01 4.871831385269106973e-01
4.612010509483222553e-01 5.387989490516776891e-01
4.424607429531666192e-01 5.575392570468334918e-01
5.822929300648143069e-01 4.177070699351856375e-01
5.127872547608474108e-01 4.872127452391525337e-01
4.985692480209221733e-01 5.014307519790778267e-01
2.997303933853550650e-01 7.002696066146449905e-01
5.282023643985687134e-01 4.717976356014312866e-01
6.153496277265966263e-01 3.846503722734033737e-01
5.645978614221213165e-01 4.354021385778786835e-01
5.396030404767714339e-01 4.603969595232285661e-01
5.418386159830662629e-01 4.581613840169337371e-01
6.221673945896522007e-01 3.778326054103478548e-01
6.091681070578044421e-01 3.908318929421955024e-01
4.164538459433142492e-01 5.835461540566857508e-01
5.014223177821115485e-01 4.985776822178884515e-01
5.418230167468331970e-01 4.581769832531667475e-01
5.751156697293611231e-01 4.248843302706389324e-01
5.173634712377509492e-01 4.826365287622490508e-01
5.306687168728005943e-01 4.693312831271993502e-01
5.206490913074425242e-01 4.793509086925575313e-01
3.561019812016709141e-01 6.438980187983289749e-01
5.713903798368771270e-01 4.286096201631229285e-01
4.882212768645757262e-01 5.117787231354243849e-01
5.092446487352830786e-01 4.907553512647169769e-01
5.358519973107683798e-01 4.641480026892316757e-01
4.984815747309860878e-01 5.015184252690139122e-01
6.358723781240341877e-01 3.641276218759657568e-01
5.025976097725676217e-01 4.974023902274323783e-01
5.182251061350958699e-01 4.817748938649041301e-01
5.608220214293414552e-01 4.391779785706585448e-01
4.796128339107837424e-01 5.203871660892162021e-01
4.051243134825046055e-01 5.948756865174953390e-01
6.388299878397480924e-01 3.611700121602520186e-01
5.183498423521268883e-01 4.816501576478731117e-01
6.103750343257704492e-01 3.896249656742294398e-01
6.046784554566035919e-01 3.953215445433964081e-01
5.321612941552116283e-01 4.678387058447883162e-01
2.907750748196404889e-01 7.092249251803595111e-01
3.412601229649724344e-01 6.587398770350275656e-01
3.912557350508471532e-01 6.087442649491529023e-01
4.189625214915896345e-01 5.810374785084104765e-01
2.676247955202129547e-01 7.323752044797871008e-01
4.814857667530327290e-01 5.185142332469672155e-01
4.129947546194874253e-01 5.870052453805124637e-01
5.500955555873003888e-01 4.499044444126995557e-01
5.955419114248962087e-01 4.044580885751038468e-01
5.794056631426036663e-01 4.205943368573963337e-01
4.836944898135179249e-01 5.163055101864820751e-01
5.831010244489026606e-01 4.168989755510972839e-01
4.426805920830464980e-01 5.573194079169535575e-01
4.148584666441073598e-01 5.851415333558925846e-01
5.299134940979296493e-01 4.700865059020704617e-01
5.219666134967847482e-01 4.780333865032153629e-01
6.020875495500351837e-01 3.979124504499648163e-01
4.749672960823185797e-01 5.250327039176814203e-01
5.567204048409480910e-01 4.432795951590519090e-01
5.009804377930255903e-01 4.990195622069742987e-01
4.278728097572216948e-01 5.721271902427783607e-01
4.739662533155146740e-01 5.260337466844853260e-01
5.152544321789782611e-01 4.847455678210218499e-01
4.911550525719006743e-01 5.088449474280993812e-01
4.676304476634961516e-01 5.323695523365037374e-01
5.628424385141144182e-01 4.371575614858855263e-01
4.829100607913002774e-01 5.170899392086996116e-01
4.616139167863619330e-01 5.383860832136381225e-01
5.363922623089879549e-01 4.636077376910121561e-01
4.705830773900946395e-01 5.294169226099053605e-01
5.928176192520825394e-01 4.071823807479175161e-01
3.258995752271255375e-01 6.741004247728744625e-01
5.675973714731850084e-01 4.324026285268149916e-01
5.190585919899328715e-01 4.809414080100671840e-01
3.911202097522324395e-01 6.088797902477675050e-01
3.750081903709848175e-01 6.249918096290152381e-01
5.517850662482927104e-01 4.482149337517073451e-01
5.313234985572360403e-01 4.686765014427639597e-01
5.916104317857683315e-01 4.083895682142316130e-01
5.493256063740286077e-01 4.506743936259713368e-01
4.775337558914244385e-01 5.224662441085754505e-01
9.336596909165942315e-02 9.066340309083404936e-01
4.202488635249848614e-01 5.797511364750151941e-01
5.337837313909070680e-01 4.662162686090928765e-01
4.654407676781363024e-01 5.345592323218637532e-01
4.992603443532626084e-01 5.007396556467375026e-01
5.815674144630997855e-01 4.184325855369002145e-01
5.301956254268282986e-01 4.698043745731716458e-01
4.177884033887721005e-01 5.822115966112278995e-01
6.087537103145902462e-01 3.912462896854097538e-01
4.973697373589637261e-01 5.026302626410362739e-01
3.464137685320064497e-01 6.535862314679935503e-01
3.779413406559716249e-01 6.220586593440283751e-01
5.702659311110456208e-01 4.297340688889543792e-01
4.788734412700410559e-01 5.211265587299590551e-01
4.559693968817971066e-01 5.440306031182029489e-01
5.755058223253175509e-01 4.244941776746824491e-01
4.576612364653018794e-01 5.423387635346981206e-01
5.816670184614693984e-01 4.183329815385306572e-01
4.723042888826129992e-01 5.276957111173870008e-01
1.981058376098414620e-01 8.018941623901585380e-01
5.461623918998320670e-01 4.538376081001679330e-01
5.351876915809729018e-01 4.648123084190271537e-01
6.078805826176636451e-01 3.921194173823363549e-01
4.627051307136133551e-01 5.372948692863867004e-01
5.731455216842848976e-01 4.268544783157149913e-01
4.645586501625642573e-01 5.354413498374356317e-01
5.332280897327079661e-01 4.667719102672920339e-01
5.564117740730556427e-01 4.435882259269443573e-01
5.946707630580820858e-01 4.053292369419178032e-01
4.211870868010735847e-01 5.788129131989263598e-01
4.709254776762761274e-01 5.290745223237238726e-01
3.685176882248671903e-01 6.314823117751326986e-01
5.295614209005033990e-01 4.704385790994964900e-01
6.100849924499492927e-01 3.899150075500507073e-01
4.985767690897353055e-01 5.014232309102646390e-01
4.259737924836478062e-01 5.740262075163521382e-01
6.284652398019660025e-01 3.715347601980340531e-01
6.394085583334608858e-01 3.605914416665391142e-01
6.044283851054862433e-01 3.955716148945137567e-01
3.910168789555417135e-01 6.089831210444581755e-01
5.510962631345353024e-01 4.489037368654648086e-01
6.070898554389455581e-01 3.929101445610544974e-01
5.019905291072426223e-01 4.980094708927573222e-01
4.308430096914440677e-01 5.691569903085559323e-01
5.119709572603915460e-01 4.880290427396083985e-01
5.270220387655643046e-01 4.729779612344356954e-01
4.856809026576536792e-01 5.143190973423462653e-01
4.704334964703930644e-01 5.295665035296069911e-01
5.268728239129346624e-01 4.731271760870653376e-01
5.033015802196688648e-01 4.966984197803311352e-01
4.392041173066620341e-01 5.607958826933380214e-01
4.952709148567826514e-01 5.047290851432173486e-01
4.988166000225907615e-01 5.011833999774092385e-01
1.983557195467979539e-01 8.016442804532020183e-01
4.833351680963273167e-01 5.166648319036727388e-01
5.189724919322553642e-01 4.810275080677446358e-01
4.971170940011285233e-01 5.028829059988715322e-01
5.042876167924290609e-01 4.957123832075709391e-01
5.385228758559441609e-01 4.614771241440558947e-01
5.487623258829991135e-01 4.512376741170009420e-01
2.294862977000609039e-01 7.705137022999390961e-01
5.427534996153524638e-01 4.572465003846475362e-01
5.816205945206038841e-01 4.183794054793961714e-01
5.674550704451357674e-01 4.325449295548641770e-01
4.534111711215624285e-01 5.465888288784375160e-01
3.927551056636895965e-01 6.072448943363104590e-01
5.479747614128331890e-01 4.520252385871668666e-01
5.639941858233128436e-01 4.360058141766872120e-01
5.205061647474528153e-01 4.794938352525470737e-01
5.829662148805351274e-01 4.170337851194648171e-01
5.010751968909097354e-01 4.989248031090902091e-01
5.900913821152471428e-01 4.099086178847528572e-01
5.156122487256528109e-01 4.843877512743472447e-01
4.324862566205431857e-01 5.675137433794568143e-01
5.200944243586037574e-01 4.799055756413962981e-01
5.082193837664653602e-01 4.917806162335346398e-01
5.307666094674433621e-01 4.692333905325565824e-01
5.441696050220903302e-01 4.558303949779096143e-01
5.386647364031347252e-01 4.613352635968653304e-01
5.022725001687328161e-01 4.977274998312672394e-01
4.640238543664086945e-01 5.359761456335913055e-01
2.240973613922856433e-01 7.759026386077143567e-01
5.702485636980715311e-01 4.297514363019284134e-01
5.340673252931071868e-01 4.659326747068928132e-01
5.663522423211150292e-01 4.336477576788850263e-01
5.997307505923554771e-01 4.002692494076444674e-01
5.248594084678670502e-01 4.751405915321328943e-01
5.147287971818923502e-01 4.852712028181076498e-01
5.114848757946725000e-01 4.885151242053275000e-01
4.945060734003486891e-01 5.054939265996513109e-01
4.889828736531296460e-01 5.110171263468703540e-01
6.083506267275106127e-01 3.916493732724892762e-01
4.631689812250957550e-01 5.368310187749042450e-01
5.931806350513609827e-01 4.068193649486390728e-01
4.973282662453518688e-01 5.026717337546481312e-01
5.466946735716871064e-01 4.533053264283127826e-01
5.318629696060511725e-01 4.681370303939488831e-01
5.210503407495363781e-01 4.789496592504637329e-01
6.042404154582038389e-01 3.957595845417962166e-01
4.761414226983348708e-01 5.238585773016651848e-01
5.097335442345350964e-01 4.902664557654648481e-01
4.786394558342699224e-01 5.213605441657300776e-01
6.132262245420064817e-01 3.867737754579934628e-01
4.222727063305462547e-01 5.777272936694537453e-01
5.284998973177106318e-01 4.715001026822893126e-01
5.112649659999557450e-01 4.887350340000443105e-01
4.978889133626432928e-01 5.021110866373568182e-01
6.398407901194311798e-01 3.601592098805687647e-01
4.471604327052848826e-01 5.528395672947150619e-01
5.070617251763936961e-01 4.929382748236062484e-01
2.937252723978415747e-01 7.062747276021583698e-01
4.965530089495793220e-01 5.034469910504206780e-01
4.232110609470500773e-01 5.767889390529499227e-01
5.064353169297338697e-01 4.935646830702662413e-01
5.342391362776409691e-01 4.657608637223590864e-01
5.256354561819835958e-01 4.743645438180164042e-01
4.953863804812430605e-01 5.046136195187569395e-01
4.519461036273778043e-01 5.480538963726222512e-01
5.706010228099834825e-01 4.293989771900164065e-01
4.995821245644813668e-01 5.004178754355186332e-01
4.566108940405635419e-01 5.433891059594365691e-01
5.447508956551816439e-01 4.552491043448184116e-01
6.249858790890493454e-01 3.750141209109507101e-01
2.882870795373651540e-01 7.117129204626349015e-01
4.862748880648690708e-01 5.137251119351309292e-01
4.828354089406339811e-01 5.171645910593659634e-01
3.983728839533340893e-01 6.016271160466658552e-01
5.269317145914755862e-01 4.730682854085243583e-01
5.348115737989622698e-01 4.651884262010377302e-01
5.080901040152430159e-01 4.919098959847569841e-01
3.793292223475582259e-01 6.206707776524418296e-01
4.950976639622144959e-01 5.049023360377854486e-01
4.805480437010318240e-01 5.194519562989681205e-01
5.306398683901923929e-01 4.693601316098076626e-01
5.279859349340969565e-01 4.720140650659030990e-01
5.700234030740168878e-01 4.299765969259830567e-01
5.056026662811679007e-01 4.943973337188321548e-01
5.013224338873540908e-01 4.986775661126459647e-01
5.775951825706349130e-01 4.224048174293651425e-01
3.306697703319916304e-01 6.693302296680083696e-01
7.622261424032312771e-01 2.377738575967688339e-01
5.071806104446594521e-01 4.928193895553406034e-01
4.877979171000765835e-01 5.122020828999234165e-01
3.410004186452857966e-01 6.589995813547142589e-01
4.372008929689263912e-01 5.627991070310737198e-01
3.950435583776694681e-01 6.049564416223305319e-01
4.848147420013770303e-01 5.151852579986229141e-01
5.007941519460219482e-01 4.992058480539781073e-01
5.212351056008598382e-01 4.787648943991402728e-01
5.709730811931834626e-01 4.290269188068165374e-01
5.132509945511299909e-01 4.867490054488700091e-01
5.050871254697660850e-01 4.949128745302340260e-01
5.188067594984562270e-01 4.811932405015437730e-01
4.430825603224186615e-01 5.569174396775813385e-01
5.198477584695914144e-01 4.801522415304086411e-01
5.369549525303778381e-01 4.630450474696221064e-01
4.832577541532633303e-01 5.167422458467365587e-01
4.238950350116884036e-01 5.761049649883116519e-01
3.735514904027554262e-01 6.264485095972445183e-01
5.239585924012022389e-01 4.760414075987977056e-01
4.725278148095070074e-01 5.274721851904929926e-01
5.264642843025960639e-01 4.735357156974038251e-01
4.991228532366748794e-01 5.008771467633250651e-01
5.489567492607377863e-01 4.510432507392621027e-01
3.528560333602153154e-01 6.471439666397845736e-01
4.389944945853321290e-01 5.610055054146678710e-01
4.844291791053869645e-01 5.155708208946130355e-01
4.944405620070343454e-01 5.055594379929656546e-01
1.986143984945440422e-01 8.013856015054560133e-01
5.188796062013153465e-01 4.811203937986847090e-01
3.928675018923113438e-01 6.071324981076886562e-01
4.490220945933171559e-01 5.509779054066828996e-01
4.656410229383272648e-01 5.343589770616727908e-01
4.901983788779452067e-01 5.098016211220547378e-01
4.483590491376503451e-01 5.516409508623495439e-01
5.264578266677433227e-01 4.735421733322566773e-01
4.171280925056387034e-01 5.828719074943612410e-01
5.033017237248563758e-01 4.966982762751435687e-01
5.243497387638169638e-01 4.756502612361830362e-01
6.309130950308484698e-01 3.690869049691516413e-01
5.091953411725568257e-01 4.908046588274432298e-01
4.896680958080341650e-01 5.103319041919659460e-01
5.282350366424281018e-01 4.717649633575718426e-01
3.653562189500633717e-01 6.346437810499365728e-01
7.261854243473581105e-01 2.738145756526419450e-01
4.742893238910991793e-01 5.257106761089008762e-01
3.971550173685642893e-01 6.028449826314355997e-01
5.555701076957948459e-01 4.444298923042051541e-01
5.411718630814427167e-01 4.588281369185572833e-01
7.802727982077968250e-01 2.197272017922030918e-01
4.831460808088696157e-01 5.168539191911303288e-01
3.232549067053715475e-01 6.767450932946285080e-01
5.514999060994610902e-01 4.485000939005389098e-01
5.329434683699264541e-01 4.670565316300735459e-01
5.088278586754629851e-01 4.911721413245370149e-01
2.991754805405429929e-01 7.008245194594570071e-01
5.807230456142414843e-01 4.192769543857586267e-01
5.832714126802089893e-01 4.167285873197910662e-01
3.986686825656240440e-01 6.013313174343759560e-01
5.837525215233945186e-01 4.162474784766053704e-01
4.083841258662027074e-01 5.916158741337972371e-01
5.187224118819265817e-01 4.812775881180734183e-01
5.322009429490128785e-01 4.677990570509870660e-01
5.581566316116634008e-01 4.418433683883366547e-01
4.674743689920577427e-01 5.325256310079422573e-01
4.717321594839074539e-01 5.282678405160925461e-01
5.104144854630302541e-01 4.895855145369696904e-01
5.330106280908910588e-01 4.669893719091088857e-01
5.670991290750837521e-01 4.329008709249162479e-01
6.123143956046965819e-01 3.876856043953034181e-01
5.139684241604791648e-01 4.860315758395207797e-01
5.446850647002822177e-01 4.553149352997177823e-01
5.113150707624150026e-01 4.886849292375851084e-01
6.652936110217874122e-01 3.347063889782125323e-01
5.715650810791367276e-01 4.284349189208633280e-01
3.770437669640303024e-01 6.229562330359696976e-01
5.295710467647080089e-01 4.704289532352919911e-01
4.996987571846998599e-01 5.003012428153001956e-01
5.434316860492276469e-01 4.565683139507724086e-01
5.067177743249082766e-01 4.932822256750917234e-01
4.530687653143287141e-01 5.469312346856713969e-01
5.281487484027668211e-01 4.718512515972331234e-01
3.514837737132190387e-01 6.485162262867808503e-01
5.137639646327499809e-01 4.862360353672501301e-01
5.879087895456023283e-01 4.120912104543977272e-01
4.999418146585615785e-01 5.000581853414384215e-01
4.565694347915967288e-01 5.434305652084031601e-01
5.632727571302175162e-01 4.367272428697824282e-01
4.943622122411814868e-01 5.056377877588185132e-01
5.260019940091386070e-01 4.739980059908613930e-01
4.824389401247369813e-01 5.175610598752631297e-01
5.383260449901270395e-01 4.616739550098729605e-01
6.251365219672205820e-01 3.748634780327793625e-01
5.189286850449101873e-01 4.810713149550898682e-01
3.747176055430291308e-01 6.252823944569708692e-01
5.353273271550443857e-01 4.646726728449556143e-01
5.669091229982415880e-01 4.330908770017583564e-01
7.282328250360166066e-01 2.717671749639834489e-01
6.501334147411483855e-01 3.498665852588516700e-01
2.791632259241732528e-01 7.208367740758268027e-01
4.793539431438509912e-01 5.206460568561489533e-01
5.608026755073914904e-01 4.391973244926085651e-01
6.275266974269188003e-01 3.724733025730811997e-01
4.916290950720824671e-01 5.083709049279174774e-01
5.083922018792447206e-01 4.916077981207553349e-01
5.781847672506094105e-01 4.218152327493905895e-01
5.491099081456367603e-01 4.508900918543632397e-01
5.107134393994180455e-01 4.892865606005819545e-01
5.380937749007430604e-01 4.619062250992568841e-01
2.726403256936213437e-01 7.273596743063786008e-01
5.195643036361368150e-01 4.804356963638632405e-01
5.576029852986998936e-01 4.423970147012999954e-01
5.293624974905433156e-01 4.706375025094567399e-01
5.045166941314127573e-01 4.954833058685872427e-01
5.066157770448278530e-01 4.933842229551722580e-01
4.383922513648241814e-01 5.616077486351758186e-01
5.440806575890758667e-01 4.559193424109240778e-01
5.315956558118094533e-01 4.684043441881904912e-01
5.221684194812781232e-01 4.778315805187219323e-01
5.842701470341197245e-01 4.157298529658802200e-01
4.784743574788223874e-01 5.215256425211777236e-01
5.352229833471643383e-01 4.647770166528355507e-01
5.632410345264579066e-01 4.367589654735421489e-01
5.308572017971791013e-01 4.691427982028208432e-01
5.490433308896985887e-01 4.509566691103013558e-01
4.913934691001498045e-01 5.086065308998501955e-01
4.055120938908972072e-01 5.944879061091028483e-01
5.675491771315933631e-01 4.324508228684066369e-01
4.942275179313936895e-01 5.057724820686062550e-01
4.555721316351719063e-01 5.444278683648281492e-01
5.530271457785126410e-01 4.469728542214873035e-01
4.726229000872044783e-01 5.273770999127955772e-01
7.065001356886989603e-01 2.934998643113010397e-01
8.053432265792194455e-02 9.194656773420780693e-01
5.018171913702534903e-01 4.981828086297466207e-01
4.719202885797762481e-01 5.280797114202236964e-01
5.882094289378030361e-01 4.117905710621970194e-01
5.511644308002205950e-01 4.488355691997794050e-01
4.932408675806963516e-01 5.067591324193037039e-01
5.051843929519720389e-01 4.948156070480279611e-01
4.113521085256859888e-01 5.886478914743140667e-01
4.744862028012514776e-01 5.255137971987485779e-01
4.484737090204557464e-01 5.515262909795443091e-01
2.587908120354148744e-01 7.412091879645851256e-01
4.309219546669755818e-01 5.690780453330243072e-01
5.398967323572460009e-01 4.601032676427539991e-01
5.494755190528957112e-01 4.505244809471043443e-01
4.469392176320028387e-01 5.530607823679971613e-01
4.718138855003011223e-01 5.281861144996988777e-01
1.686179140062855908e-01 8.313820859937144370e-01
5.087243491465994749e-01 4.912756508534005251e-01
4.727963836607124160e-01 5.272036163392875840e-01
5.329865799840959317e-01 4.670134200159040683e-01
5.205629792058669159e-01 4.794370207941331397e-01
4.761325750872624218e-01 5.238674249127375226e-01
2.684826258558057899e-01 7.315173741441941546e-01
4.878162120976767269e-01 5.121837879023233286e-01
5.100912668703595498e-01 4.899087331296403947e-01
4.547194064841892924e-01 5.452805935158105965e-01
5.082781312053011868e-01 4.917218687946987021e-01
5.737830257851679328e-01 4.262169742148320672e-01
5.229085041716082793e-01 4.770914958283917207e-01
6.551400520327476107e-01 3.448599479672522783e-01
5.410002556612696356e-01 4.589997443387303644e-01
5.997584421998153337e-01 4.002415578001846663e-01
5.162845459525889913e-01 4.837154540474110642e-01
5.160915278659384819e-01 4.839084721340614625e-01
6.325828155464839897e-01 3.674171844535160103e-01
5.461318715211671559e-01 4.538681284788327885e-01
5.427986779181313004e-01 4.572013220818686996e-01
4.650408203209439040e-01 5.349591796790561515e-01
3.983248348186062548e-01 6.016751651813937452e-01
5.728640489858456419e-01 4.271359510141543581e-01
5.678011077258452444e-01 4.321988922741547001e-01
5.541289151798345358e-01 4.458710848201655197e-01
5.041355170133268171e-01 4.958644829866731829e-01
4.571543493536938119e-01 5.428456506463061881e-01
5.334493445212538099e-01 4.665506554787461901e-01
5.364398621466636152e-01 4.635601378533363848e-01
3.896434929112558843e-01 6.103565070887441157e-01
4.717397986704475743e-01 5.282602013295523147e-01
5.333357984079740710e-01 4.666642015920258735e-01
4.035150305131384174e-01 5.964849694868614716e-01
5.122887121163492985e-01 4.877112878836508125e-01
4.995768923799793759e-01 5.004231076200206241e-01
5.532745423650682337e-01 4.467254576349318218e-01
5.559666998805368188e-01 4.440333001194631812e-01
5.010683882672360978e-01 4.989316117327639577e-01
5.126901292047121306e-01 4.873098707952878694e-01
5.009840872459959682e-01 4.990159127540039763e-01
4.330410371873418818e-01 5.669589628126581182e-01
4.294654137475783506e-01 5.705345862524217049e-01
4.539813867475173681e-01 5.460186132524826874e-01
3.816160505011921278e-01 6.183839494988078167e-01
4.492999706655101955e-01 5.507000293344899156e-01
5.562824002347490637e-01 4.437175997652509363e-01
5.076898748275224804e-01 4.923101251724775751e-01
4.050890920749452007e-01 5.949109079250548549e-01
3.261536232696494730e-01 6.738463767303504159e-01
6.623428020986077414e-01 3.376571979013923142e-01
5.422704762581873617e-01 4.577295237418126383e-01
6.506340759423206999e-01 3.493659240576793001e-01
5.095621517136269540e-01 4.904378482863731570e-01
5.139070442101931757e-01 4.860929557898067688e-01
4.681471484685328921e-01 5.318528515314669969e-01
6.008303784243994583e-01 3.991696215756005972e-01
5.381144063531609900e-01 4.618855936468389545e-01
2.816859631013926557e-01 7.183140368986073998e-01
5.429973968342800550e-01 4.570026031657199450e-01
5.124071384050945532e-01 4.875928615949054468e-01
4.953808562022568029e-01 5.046191437977431971e-01
5.840925187172026911e-01 4.159074812827973644e-01
5.412110707401391885e-01 4.587889292598608115e-01
3.750337182987176776e-01 6.249662817012823224e-01
4.284268523081706803e-01 5.715731476918293197e-01
4.628971222677507047e-01 5.371028777322492953e-01
4.857414938831973727e-01 5.142585061168026828e-01
3.631112363580522584e-01 6.368887636419476861e-01
5.573930206427986089e-01 4.426069793572013911e-01
5.503893212775309296e-01 4.496106787224690704e-01
6.718054364580713367e-01 3.281945635419286633e-01
5.196105696009963859e-01 4.803894303990036141e-01
2.955582504201946792e-01 7.044417495798053208e-01
4.855748628548889889e-01 5.144251371451109556e-01
5.110710457509380911e-01 4.889289542490619089e-01
6.293194423810554161e-01 3.706805576189446394e-01
3.052885351724761720e-01 6.947114648275238835e-01
5.715273314200516319e-01 4.284726685799483681e-01
4.843784942918852310e-01 5.156215057081147135e-01
5.006276894177217329e-01 4.993723105822782116e-01
7.583628535623966327e-01 2.416371464376033396e-01
3.535028510146556724e-01 6.464971489853442721e-01
4.238140398566086486e-01 5.761859601433912959e-01
5.906271598113685961e-01 4.093728401886315149e-01
5.859998200454177297e-01 4.140001799545823258e-01
6.132150627936624465e-01 3.867849372063375535e-01
4.945168431033574175e-01 5.054831568966425825e-01
6.237573084860678074e-01 3.762426915139320815e-01
3.703830521644595475e-01 6.296169478355404525e-01
2.425488254917498310e-01 7.574511745082501690e-01
5.362660144981574728e-01 4.637339855018425272e-01
5.405219467262672994e-01 4.594780532737328116e-01
4.793354018544329631e-01 5.206645981455669814e-01
4.751621777191977758e-01 5.248378222808022242e-01
5.220041206486508711e-01 4.779958793513490733e-01
6.021657402106675994e-01 3.978342597893324561e-01
3.013313158557819893e-01 6.986686841442180107e-01
5.882073392415272384e-01 4.117926607584727616e-01
5.433414739962683093e-01 4.566585260037316352e-01
5.018219688962832770e-01 4.981780311037167785e-01
4.929857935853123596e-01 5.070142064146876404e-01
3.848952896081045960e-01 6.151047103918954040e-01
3.002816567059451991e-01 6.997183432940548009e-01
5.007908509061862468e-01 4.992091490938136422e-01
6.449517821321875122e-01 3.550482178678125433e-01
4.352996402818326560e-01 5.647003597181673440e-01
5.418397462144848298e-01 4.581602537855150592e-01
4.769462710259039784e-01 5.230537289740960771e-01
5.049733948148918961e-01 4.950266051851081039e-01
5.330780168743273206e-01 4.669219831256726239e-01
5.229063639821750487e-01 4.770936360178250069e-01
3.292658077200579236e-01 6.707341922799421319e-01
5.231597300543269213e-01 4.768402699456730232e-01
5.731879162316666498e-01 4.268120837683333502e-01
5.119859423043215951e-01 4.880140576956784049e-01
4.986827261813022161e-01 5.013172738186978394e-01
5.110743536983718416e-01 4.889256463016281584e-01
5.532363121393781835e-01 4.467636878606218165e-01
5.164875429861164324e-01 4.835124570138835121e-01
5.445779188492138045e-01 4.554220811507861399e-01
5.442679542810258120e-01 4.557320457189741325e-01
4.879400101842210624e-01 5.120599898157789376e-01
6.281644233921597209e-01 3.718355766078403346e-01
5.714481812351377421e-01 4.285518187648622024e-01
5.777307263067823495e-01 4.222692736932176505e-01
5.124304865198471282e-01 4.875695134801528718e-01
5.478970358069584767e-01 4.521029641930415788e-01
4.563894341550372435e-01 5.436105658449627009e-01
5.627550483834248274e-01 4.372449516165752281e-01
5.154702232763712644e-01 4.845297767236286801e-01
5.800886395533134676e-01 4.199113604466865879e-01
5.282827976996878894e-01 4.717172023003121106e-01
1.866881881869898729e-01 8.133118118130100438e-01
5.794309794115553025e-01 4.205690205884445865e-01
4.662882936252886745e-01 5.337117063747113255e-01
5.479073930225754063e-01 4.520926069774245937e-01
6.023787285320345575e-01 3.976212714679654980e-01
5.051968940782098905e-01 4.948031059217901650e-01
5.174113169555661917e-01 4.825886830444338083e-01
5.040921973226943908e-01 4.959078026773056647e-01
5.158860125895493587e-01 4.841139874104506413e-01
4.588016564622308113e-01 5.411983435377691887e-01
5.345270641595348815e-01 4.654729358404651185e-01
5.755625485895353721e-01 4.244374514104645724e-01
5.341605545492937868e-01 4.658394454507061577e-01
4.879732337158620981e-01 5.120267662841377909e-01
4.508839981200136737e-01 5.491160018799862153e-01
5.470178200518414080e-01 4.529821799481585920e-01
6.308523797806184774e-01 3.691476202193814671e-01
5.813304327884813993e-01 4.186695672115186007e-01
5.213356460066655984e-01 4.786643539933344016e-01
5.286856058886787446e-01 4.713143941113211999e-01
5.162697648626989322e-01 4.837302351373010123e-01
2.760943947967951506e-01 7.239056052032049049e-01
5.248227122561216484e-01 4.751772877438782405e-01
5.535821575952643014e-01 4.464178424047356986e-01
3.552874180434745788e-01 6.447125819565254767e-01
5.303485621862280563e-01 4.696514378137719437e-01
5.157666718188473887e-01 4.842333281811525003e-01
2.310687851641338442e-01 7.689312148358661281e-01
2.683319232565608004e-01 7.316680767434391441e-01
5.358892487211950328e-01 4.641107512788050227e-01
4.709952624420614131e-01 5.290047375579386424e-01
5.081110185700327131e-01 4.918889814299671759e-01
4.455815193159067822e-01 5.544184806840931623e-01
5.551130843387399594e-01 4.448869156612601516e-01
1.869194715118796535e-01 8.130805284881204020e-01
5.094353588048523562e-01 4.905646411951476993e-01
5.106851725243778395e-01 4.893148274756221605e-01
5.103456218557445023e-01 4.896543781442554422e-01
5.198506357799204114e-01 4.801493642200796441e-01
4.933572245197708206e-01 5.066427754802291794e-01
5.168059331295641323e-01 4.831940668704358122e-01
4.783238212546225276e-01 5.216761787453774168e-01
4.461786565977000629e-01 5.538213434022999371e-01
5.696887665365925058e-01 4.303112334634074942e-01
5.164760285111906768e-01 4.835239714888093232e-01
4.694576224547049592e-01 5.305423775452949853e-01
4.987894601973305031e-01 5.012105398026694969e-01
3.951039682336220937e-01 6.048960317663779618e-01
4.933385740933062813e-01 5.066614259066937187e-01
1.915819354348217429e-01 8.084180645651782848e-01
5.321292223571173485e-01 4.678707776428826515e-01
4.621476108964753249e-01 5.378523891035247306e-01
5.468261295957299595e-01 4.531738704042699850e-01
5.769087061571124275e-01 4.230912938428875725e-01
4.647602220518084470e-01 5.352397779481915530e-01
4.650251312037524953e-01 5.349748687962475602e-01
4.595687272124896472e-01 5.404312727875103528e-01
5.004251003306818824e-01 4.995748996693181732e-01
1.578440505868917432e-01 8.421559494131082291e-01
4.829690866249168879e-01 5.170309133750831121e-01
4.798227182974691973e-01 5.201772817025307472e-01
5.751842171906447199e-01 4.248157828093552246e-01
3.504629824749504463e-01 6.495370175250495537e-01
5.569630164297786346e-01 4.430369835702213654e-01
5.718988555074122626e-01 4.281011444925878484e-01
6.899408785366719643e-01 3.100591214633280912e-01
5.857195262474791386e-01 4.142804737525208614e-01
5.827559024953877787e-01 4.172440975046122213e-01
5.263976879464105085e-01 4.736023120535894360e-01
4.853482373612174605e-01 5.146517626387825395e-01
5.761322506730516269e-01 4.238677493269483176e-01
5.688186961934740271e-01 4.311813038065258619e-01
5.232976824537142191e-01 4.767023175462858919e-01
4.596010474949669966e-01 5.403989525050331144e-01
6.054382291772441027e-01 3.945617708227558973e-01
5.387370871789066706e-01 4.612629128210932739e-01
5.149079314175977196e-01 4.850920685824022804e-01
6.135245141009439962e-01 3.864754858990560593e-01
5.217815517444279738e-01 4.782184482555720262e-01
4.756841731409042762e-01 5.243158268590957238e-01
6.381555799291139808e-01 3.618444200708860747e-01
5.139181042308028635e-01 4.860818957691971365e-01
5.033478617180481285e-01 4.966521382819518715e-01
4.897888215290286396e-01 5.102111784709714160e-01
4.285871766913501024e-01 5.714128233086498421e-01
4.449085847954659112e-01 5.550914152045340888e-01
5.513492858110468076e-01 4.486507141889531924e-01
4.597857006383738732e-01 5.402142993616261268e-01
5.434102767046935512e-01 4.565897232953065044e-01
5.013240501723958964e-01 4.986759498276039926e-01
2.901533672010548348e-01 7.098466327989452207e-01
5.400866476361131374e-01 4.599133523638868626e-01
4.453757985940764441e-01 5.546242014059236114e-01
5.391045284090103529e-01 4.608954715909897026e-01
5.199619440507686763e-01 4.800380559492313792e-01
4.942336350807279843e-01 5.057663649192720712e-01
5.584190428383504212e-01 4.415809571616495788e-01
5.812005239575663840e-01 4.187994760424336160e-01
5.169431454629737077e-01 4.830568545370263478e-01
6.148676932946687268e-01 3.851323067053312177e-01
4.767921934202914991e-01 5.232078065797085564e-01
5.711815302744495115e-01 4.288184697255504885e-01
5.853254036975203967e-01 4.146745963024796033e-01
4.138138072726863514e-01 5.861861927273135375e-01
5.028064255169527597e-01 4.971935744830473514e-01
5.152070724879931340e-01 4.847929275120068660e-01
5.032227888365220503e-01 4.967772111634778387e-01
4.766324824232727186e-01 5.233675175767272814e-01
6.718105859607504948e-01 3.281894140392495052e-01
5.483074585101783693e-01 4.516925414898216307e-01
5.737159890771795778e-01 4.262840109228204777e-01
4.932882862313349159e-01 5.067117137686650841e-01
3.359230558427476754e-01 6.640769441572522691e-01
5.730055915396504718e-01 4.269944084603495282e-01
9.993671126540797089e-02 9.000632887345919597e-01
4.812519852257037267e-01 5.187480147742963288e-01
3.819673590282163800e-01 6.180326409717836755e-01
5.023087441145891452e-01 4.976912558854108548e-01
4.091539566444478693e-01 5.908460433555522417e-01
6.018118745234848355e-01 3.981881254765151645e-01
5.625518611207985797e-01 4.374481388792014758e-01
5.287112996603572368e-01 4.712887003396427632e-01
4.745107206817953949e-01 5.254892793182045496e-01
5.143260314337085859e-01 4.856739685662914696e-01
3.920995178411288418e-01 6.079004821588711582e-01
5.408078580827683224e-01 4.591921419172317331e-01
5.493535233682947938e-01 4.506464766317052062e-01
5.731870470780395799e-01 4.268129529219604201e-01
3.110651205824444543e-01 6.889348794175556012e-01
4.938516066652504088e-01 5.061483933347495912e-01
4.720374652741263222e-01 5.279625347258737333e-01
5.423049077536172824e-01 4.576950922463827176e-01
3.417497463355218534e-01 6.582502536644780911e-01
5.200689181931991145e-01 4.799310818068008855e-01
5.081144940985118374e-01 4.918855059014881626e-01
5.333902469538930324e-01 4.666097530461070231e-01
2.653464874545385932e-01 7.346535125454615178e-01
8.721676263568808318e-01 1.278323736431191682e-01
2.048164095147372299e-01 7.951835904852627701e-01
5.081828676408802759e-01 4.918171323591197241e-01
5.174299764141109259e-01 4.825700235858889631e-01
4.424711278897248135e-01 5.575288721102752421e-01
4.251380518171651857e-01 5.748619481828347588e-01
5.153183819777079622e-01 4.846816180222920378e-01
1.914216148039279419e-01 8.085783851960721691e-01
5.968777720554253596e-01 4.031222279445746959e-01
5.455416587018769858e-01 4.544583412981230697e-01
5.520004236944349163e-01 4.479995763055651947e-01
5.482384955610826172e-01 4.517615044389174384e-01
4.930440664752197000e-01 5.069559335247803000e-01
4.784807662417204233e-01 5.215192337582795767e-01
4.446181558528035094e-01 5.553818441471964906e-01
5.152126695231742382e-01 4.847873304768258174e-01
5.074584260826177085e-01 4.925415739173822360e-01
4.300295011269211765e-01 5.699704988730788235e-01
5.237008393128239625e-01 4.762991606871761485e-01
5.643815402720278041e-01 4.356184597279721959e-01
4.799484005474043413e-01 5.200515994525956032e-01
5.019500038991338009e-01 4.980499961008660881e-01
5.120148911416567694e-01 4.879851088583432306e-01
5.752278679568223474e-01 4.247721320431776526e-01
5.056170744451957688e-01 4.943829255548042867e-01
5.429280681324246682e-01 4.570719318675753318e-01
4.843046578353398246e-01 5.156953421646600644e-01
5.123964513228596029e-01 4.876035486771405081e-01
4.646531142456232222e-01 5.353468857543768333e-01
4.987188381617014832e-01 5.012811618382985168e-01
5.578529138013417210e-01 4.421470861986582235e-01
5.033473196142154160e-01 4.966526803857845285e-01
4.900170823329175196e-01 5.099829176670825914e-01
2.210800414148754445e-01 7.789199585851246388e-01
4.760190905621889401e-01 5.239809094378111709e-01
4.505658306758049125e-01 5.494341693241950875e-01
5.114849122594177233e-01 4.885150877405823322e-01
5.513501089962054014e-01 4.486498910037945986e-01
4.631899349519039144e-01 5.368100650480960301e-01
4.604513619708576755e-01 5.395486380291422135e-01
2.964029312516563985e-01 7.035970687483436015e-01
5.174131685821475868e-01 4.825868314178524132e-01
5.152185718042574525e-01 4.847814281957426030e-01
5.233530796680148089e-01 4.766469203319852466e-01
4.763225119781330230e-01 5.236774880218669770e-01
5.316191169849299181e-01 4.683808830150701374e-01
3.520002705697147238e-01 6.479997294302852762e-01
5.836842904776088359e-01 4.163157095223911641e-01
3.472495709455551971e-01 6.527504290544448029e-01
5.484987645292179748e-01 4.515012354707820252e-01
5.053874486661764642e-01 4.946125513338235913e-01
5.089244132591594916e-01 4.910755867408405084e-01
5.748347762850659626e-01 4.251652237149340929e-01
2.649006497018410178e-01 7.350993502981589822e-01
4.891753983582607379e-01 5.108246016417392621e-01
3.982321635948021799e-01 6.017678364051977091e-01
5.234028422747827314e-01 4.765971577252172131e-01
4.783906244744581815e-01 5.216093755255417630e-01
4.103615285544588986e-01 5.896384714455410458e-01
5.061731480130959859e-01 4.938268519869040141e-01
5.262052372215905161e-01 4.737947627784094284e-01
5.244511189275045115e-01 4.755488810724955440e-01
5.560719163968395051e-01 4.439280836031604394e-01
5.961048036800155048e-01 4.038951963199844397e-01
1.164594539988278027e-01 8.835405460011722667e-01
4.572943449833107854e-01 5.427056550166892146e-01
4.284266030510991419e-01 5.715733969489008581e-01
2.895911350293661202e-01 7.104088649706338243e-01
3.070183849727689540e-01 6.929816150272309905e-01
5.391740801680103834e-01 4.608259198319896166e-01
3.522813656865839693e-01 6.477186343134160307e-01
4.876235906626686933e-01 5.123764093373313067e-01
5.156871673215470686e-01 4.843128326784528759e-01
4.682194152243251972e-01 5.317805847756748028e-01
5.107744980429299586e-01 4.892255019570699859e-01
2.738723496304021898e-01 7.261276503695978102e-01
4.947833509502663762e-01 5.052166490497337348e-01
4.982494155338615394e-01 5.017505844661385161e-01
4.545886595856707957e-01 5.454113404143291488e-01
4.577831173844728596e-01 5.422168826155271404e-01
5.220672772276404583e-01 4.779327227723595417e-01
5.212428387670532404e-01 4.787571612329468151e-01
5.088022446137655530e-01 4.911977553862344470e-01
5.222593289317090104e-01 4.777406710682909341e-01
6.163431430519702436e-01 3.836568569480297008e-01
5.470395594494449343e-01 4.529604405505551212e-01
4.525041507102391392e-01 5.474958492897608053e-01
5.772799146790189573e-01 4.227200853209810427e-01
5.563815957421744951e-01 4.436184042578255049e-01
4.922102659550904313e-01 5.077897340449095687e-01
2.114293902621204035e-01 7.885706097378795132e-01
3.216131547911008082e-01 6.783868452088991363e-01
4.445630881823355307e-01 5.554369118176645248e-01
5.339696496198245157e-01 4.660303503801755398e-01
