6.482863608936895172e-01 3.517136391063104828e-01
9.789707457027061466e-01 2.102925429729375281e-02
5.604781691954123513e-02 9.439521830804588065e-01
3.399990586388761948e-01 6.600009413611238607e-01
3.328529348486399253e-01 6.671470651513600192e-01
5.162138810600317429e-01 4.837861189399682571e-01
3.452778565222889839e-01 6.547221434777109605e-01
4.962661108354524120e-01 5.037338891645475325e-01
4.038945631375925327e-01 5.961054368624074673e-01
2.215224033203060938e-01 7.784775966796938507e-01
1.327386326331478072e-01 8.672613673668522205e-01
5.196515744989980146e-01 4.803484255010018744e-01
4.520068589245836432e-01 5.479931410754163013e-01
4.333244963214215040e-01 5.666755036785784405e-01
1.100351540063702754e-01 8.899648459936296829e-01
4.083321740143470713e-01 5.916678259856529287e-01
1.260704903953369926e-01 8.739295096046630906e-01
9.566478513165118658e-01 4.335214868348807177e-02
2.691674436609878263e-01 7.308325563390121182e-01
5.466430416595077224e-01 4.533569583404922776e-01
1.564386800027988689e-01 8.435613199972010756e-01
2.454927729783587254e-01 7.545072270216413024e-01
4.993948465026813999e-01 5.006051534973186001e-01
4.421116995092851942e-01 5.578883004907148058e-01
2.951734613161768328e-01 7.048265386838231672e-01
6.265281174107807383e-01 3.734718825892192617e-01
4.811002198460279655e-01 5.188997801539720900e-01
6.185637805048727067e-01 3.814362194951273488e-01
8.331908770642720841e-01 1.668091229357278327e-01
1.304125777711862277e-01 8.695874222288138000e-01
4.023082369545099568e-01 5.976917630454900987e-01
3.571370069049208951e-01 6.428629930950791049e-01
8.559293758009516306e-01 1.440706241990483694e-01
3.611045412133785937e-01 6.388954587866213508e-01
3.955192548425628951e-01 6.044807451574371049e-01
3.890056809324871634e-01 6.109943190675128921e-01
7.475775659717713850e-01 2.524224340282285595e-01
1.750031253341799431e-01 8.249968746658200569e-01
4.023437052135390712e-01 5.976562947864608732e-01
3.753912001154208200e-01 6.246087998845791800e-01
4.612721762806847869e-01 5.387278237193151575e-01
6.978161167302551204e-01 3.021838832697448241e-01
5.680109510240403115e-01 4.319890489759596885e-01
5.438151241241052647e-01 4.561848758758946798e-01
5.045021925742314561e-01 4.954978074257685439e-01
8.113745649905922397e-01 1.886254350094078713e-01
8.395520788564744263e-01 1.604479211435256292e-01
6.508006559258379120e-01 3.491993440741619770e-01
3.970812595094830311e-01 6.029187404905169689e-01
8.576846373700952597e-01 1.423153626299047403e-01
1.458571838495906769e-01 8.541428161504093231e-01
5.412955729806189220e-01 4.587044270193810225e-01
1.125791082754492439e-02 9.887420891724550964e-01
8.687840446225040258e-01 1.312159553774959742e-01
5.394517686530599931e-01 4.605482313469399513e-01
2.973659474910169687e-01 7.026340525089830313e-01
5.119156902849603119e-01 4.880843097150395771e-01
6.474437960245468249e-01 3.525562039754531196e-01
4.025290630982884532e-01 5.974709369017116023e-01
3.630659244380149420e-01 6.369340755619851135e-01
6.707605884831616683e-01 3.292394115168382762e-01
2.513049294169379319e-02 9.748695070583062172e-01
4.762089611261051680e-01 5.237910388738948875e-01
2.752622218062926729e-01 7.247377781937072161e-01
3.473454606507410669e-01 6.526545393492589886e-01
1.391082213038097037e-01 8.608917786961903795e-01
5.815714010605997908e-01 4.184285989394001537e-01
3.327787187995261409e-01 6.672212812004738591e-01
3.624872908382759662e-01 6.375127091617239783e-01
5.647003510471151344e-01 4.352996489528848656e-01
7.422347528615731438e-01 2.577652471384269117e-01
2.835724698139783784e-01 7.164275301860215661e-01
1.413038869133670383e-01 8.586961130866329617e-01
7.856577661267825086e-01 2.143422338732175747e-01
8.764520251753369351e-01 1.235479748246630233e-01
2.410481949700896687e-01 7.589518050299104424e-01
5.843295498574672120e-01 4.156704501425327880e-01
7.704099263616326354e-01 2.295900736383673368e-01
8.918144832193007909e-01 1.081855167806991952e-01
5.961616762648667273e-02 9.403838323735134175e-01
2.667779654711808779e-01 7.332220345288190666e-01
6.207538291147731702e-01 3.792461708852268298e-01
5.272424171547950289e-01 4.727575828452049711e-01
3.970177919019455826e-01 6.029822080980544730e-01
3.944322586315373025e-01 6.055677413684626975e-01
6.738137862683679646e-01 3.261862137316320909e-01
6.288773971923702355e-01 3.711226028076298200e-01
2.245083753845494023e-01 7.754916246154505144e-01
5.216068273701751634e-01 4.783931726298248366e-01
4.645270663102138431e-01 5.354729336897862124e-01
2.810155955029741692e-01 7.189844044970258308e-01
4.292359975301553998e-01 5.707640024698446002e-01
5.117833023763064260e-01 4.882166976236935185e-01
5.336060090940732970e-01 4.663939909059268141e-01
2.108991062803426964e-01 7.891008937196573036e-01
4.323624394626054412e-01 5.676375605373945588e-01
6.034625857655304682e-01 3.965374142344694763e-01
7.144683966586706791e-01 2.855316033413293209e-01
3.097961308853307005e-01 6.902038691146692440e-01
7.654102297823724976e-01 2.345897702176275579e-01
8.874102352239252589e-01 1.125897647760747411e-01
1.464967868483401103e-01 8.535032131516598897e-01
1.691800820488084112e-01 8.308199179511915888e-01
7.997119603223104556e-02 9.200288039677689822e-01
9.380458812476336616e-01 6.195411875236636612e-02
6.848147239479274173e-01 3.151852760520726382e-01
2.753148358295248385e-02 9.724685164170475682e-01
3.668857806532376253e-01 6.331142193467623747e-01
2.690015793750034634e-01 7.309984206249965366e-01
5.421193576358577237e-01 4.578806423641422763e-01
5.401928418133258303e-01 4.598071581866741142e-01
1.338919049217079105e-01 8.661080950782921173e-01
8.962871593219447208e-02 9.103712840678055418e-01
5.196194485045712019e-01 4.803805514954287981e-01
6.927244835598987960e-01 3.072755164401012040e-01
4.240341950931929560e-01 5.759658049068070440e-01
4.436715150567013821e-01 5.563284849432986734e-01
4.591278420606936805e-01 5.408721579393063195e-01
3.998140191913907571e-01 6.001859808086092984e-01
5.751526872808846447e-01 4.248473127191153553e-01
2.485914110727035775e-01 7.514085889272964502e-01
6.873145131575835176e-01 3.126854868424164269e-01
2.963705486694978020e-01 7.036294513305021425e-01
7.934559992389034200e-01 2.065440007610966355e-01
5.314458032721978142e-01 4.685541967278021858e-01
5.257214069068931739e-01 4.742785930931068816e-01
5.686847663295665489e-01 4.313152336704333956e-01
7.325230838855368853e-01 2.674769161144631147e-01
4.854828758656541399e-01 5.145171241343459156e-01
1.121633485024734339e-01 8.878366514975265522e-01
5.600735014236141174e-01 4.399264985763859381e-01
2.440489291473491307e-01 7.559510708526508971e-01
8.863476981790682219e-01 1.136523018209317504e-01
4.069782998884934888e-01 5.930217001115064557e-01
9.601050862089807181e-01 3.989491379101923335e-02
4.277785473875068689e-01 5.722214526124931311e-01
8.657034173317704751e-01 1.342965826682295805e-01
7.495183365547005705e-01 2.504816634452994295e-01
4.482881845908724960e-01 5.517118154091275040e-01
7.862157792803636802e-01 2.137842207196362920e-01
6.581338436888152232e-01 3.418661563111848878e-01
6.464006230337111802e-02 9.353599376966288403e-01
5.465766973171365395e-01 4.534233026828635160e-01
5.003242767418090153e-01 4.996757232581910402e-01
4.377161045527023231e-01 5.622838954472977324e-01
5.002360756965574806e-01 4.997639243034425749e-01
2.425271790539186567e-01 7.574728209460813710e-01
7.207930510210791564e-01 2.792069489789208991e-01
3.870293683775187232e-01 6.129706316224812213e-01
4.628487903392575764e-01 5.371512096607424791e-01
3.777250908415105135e-01 6.222749091584894865e-01
4.872278237095946651e-01 5.127721762904052794e-01
7.208754209699752731e-03 9.927912457903002030e-01
6.722561939793096908e-01 3.277438060206903647e-01
7.148070310092555779e-01 2.851929689907444221e-01
3.063076889031667860e-01 6.936923110968332695e-01
2.547630913730979385e-01 7.452369086269020615e-01
2.064182057760817132e-02 9.793581794223917836e-01
1.284670928072093599e-01 8.715329071927906401e-01
3.109829325102829722e-01 6.890170674897170278e-01
5.455345504819436586e-01 4.544654495180563969e-01
4.410447989525487222e-01 5.589552010474513333e-01
9.419743998004624919e-01 5.802560019953753589e-02
7.442151417198706875e-01 2.557848582801293125e-01
4.076718342538408479e-01 5.923281657461592076e-01
3.140409509288047407e-02 9.685959049071195537e-01
4.506209379100821200e-01 5.493790620899179356e-01
3.686636139519886557e-01 6.313363860480113443e-01
7.745269876303805257e-01 2.254730123696195299e-01
3.428372088300752907e-01 6.571627911699248203e-01
7.756470278654180595e-01 2.243529721345819128e-01
4.799447824750332492e-01 5.200552175249667508e-01
1.980957806562745616e-02 9.801904219343725577e-01
4.225483008993576872e-01 5.774516991006423128e-01
5.361424929848979115e-01 4.638575070151020885e-01
7.096207694919592912e-01 2.903792305080407643e-01
9.487830162261218225e-01 5.121698377387823298e-02
2.445642092102716658e-01 7.554357907897283342e-01
5.105765695256031522e-01 4.894234304743969588e-01
8.991941080136699460e-01 1.008058919863300817e-01
3.889157094189746311e-01 6.110842905810254244e-01
4.606689554105809492e-01 5.393310445894190508e-01
5.941698645135367052e-01 4.058301354864633503e-01
9.666596862318270755e-01 3.334031376817293835e-02
2.825883853738732632e-01 7.174116146261266813e-01
7.673315456763680764e-01 2.326684543236319791e-01
7.072066094751838783e-01 2.927933905248161772e-01
7.893369837046041448e-01 2.106630162953958829e-01
7.952862113786179910e-01 2.047137886213820090e-01
6.793956767251393414e-01 3.206043232748607141e-01
1.586384032800454702e-01 8.413615967199544743e-01
6.356648496801959869e-01 3.643351503198041241e-01
3.439444440873665187e-01 6.560555559126335368e-01
7.787564009271915610e-01 2.212435990728084667e-01
5.850131000632206035e-01 4.149868999367793965e-01
2.846249579702406773e-01 7.153750420297593227e-01
6.402027528590804595e-01 3.597972471409195405e-01
4.305074119526829390e-01 5.694925880473170610e-01
2.153902376159345933e-01 7.846097623840654345e-01
2.500816699315311920e-01 7.499183300684687525e-01
6.330565953853645178e-01 3.669434046146354822e-01
1.971702505989042231e-01 8.028297494010957491e-01
3.008624894157278518e-01 6.991375105842720927e-01
9.997159680943709104e-01 2.840319056290815112e-04
4.811097942260104676e-01 5.188902057739895879e-01
7.136691533922274733e-01 2.863308466077726377e-01
3.663394735464467478e-01 6.336605264535531967e-01
4.821735611742775096e-01 5.178264388257224349e-01
2.575673792553772046e-01 7.424326207446229065e-01
5.243564388319403857e-01 4.756435611680596698e-01
4.799393972759545823e-01 5.200606027240454177e-01
4.758719729359374151e-01 5.241280270640625849e-01
4.854247312953030580e-01 5.145752687046969420e-01
2.183067512748333716e-01 7.816932487251666561e-01
5.920552391111068985e-02 9.407944760888893310e-01
5.019772966989148877e-01 4.980227033010850568e-01
5.514695213590377065e-01 4.485304786409623490e-01
4.826383290543355409e-02 9.517361670945664320e-01
6.208072109031284036e-01 3.791927890968717074e-01
4.449179565289938521e-01 5.550820434710062035e-01
5.115971849762714907e-01 4.884028150237285093e-01
5.672894404393700185e-01 4.327105595606299815e-01
4.883238913124289815e-01 5.116761086875709630e-01
2.085783357471079347e-01 7.914216642528921763e-01
5.355700607583689932e-01 4.644299392416310068e-01
1.666098742659574417e-01 8.333901257340425861e-01
6.190485831141111506e-01 3.809514168858889049e-01
5.609199248728111709e-01 4.390800751271889402e-01
5.401976341385753555e-01 4.598023658614247000e-01
7.595046547128970760e-01 2.404953452871029518e-01
8.665285132013769154e-01 1.334714867986231124e-01
1.292666236749075992e-01 8.707333763250925118e-01
9.571800119089999281e-01 4.281998809100009962e-02
3.864428537104371841e-01 6.135571462895628159e-01
7.328924257890450100e-01 2.671075742109549345e-01
6.118887641438279512e-02 9.388111235856172465e-01
3.528491322589689116e-01 6.471508677410311439e-01
3.365293880926458758e-01 6.634706119073541242e-01
1.493189809602199214e-01 8.506810190397801064e-01
5.766647981173469439e-01 4.233352018826530561e-01
9.112201032820546054e-01 8.877989671794535298e-02
5.596533629806130783e-01 4.403466370193869217e-01
3.792970402021225707e-01 6.207029597978773738e-01
2.453819448493697042e-01 7.546180551506302958e-01
5.819392111529246847e-01 4.180607888470753153e-01
3.452323105988123753e-01 6.547676894011875692e-01
6.479484296861666159e-01 3.520515703138333841e-01
5.896979197862702859e-01 4.103020802137298251e-01
5.528678408849057035e-01 4.471321591150942409e-01
4.888091157857687441e-01 5.111908842142313114e-01
5.787392284004464482e-01 4.212607715995535518e-01
3.163782839658504376e-01 6.836217160341495624e-01
4.020132243125600358e-01 5.979867756874399642e-01
5.301788205458656256e-01 4.698211794541343744e-01
5.528453868427783968e-01 4.471546131572215477e-01
2.200121827205316072e-01 7.799878172794684206e-01
8.324662920387658760e-01 1.675337079612340685e-01
7.683545934214270900e-01 2.316454065785729655e-01
5.950409081412152412e-01 4.049590918587847033e-01
4.421956922798248590e-01 5.578043077201750854e-01
6.188182298222275612e-01 3.811817701777724388e-01
4.867922320372862766e-01 5.132077679627138345e-01
8.732676935195846091e-02 9.126732306480415113e-01
1.601456941774233589e-01 8.398543058225766966e-01
9.280976344199015626e-01 7.190236558009843737e-02
6.203026234301317610e-01 3.796973765698682945e-01
6.678080294210085865e-01 3.321919705789914690e-01
3.800104761491046035e-01 6.199895238508954520e-01
2.292783321490861614e-01 7.707216678509137830e-01
3.440406314170917773e-02 9.655959368582908153e-01
3.927998409727763152e-01 6.072001590272236848e-01
9.359917747889290318e-01 6.400822521107091267e-02
7.354293369012663284e-01 2.645706630987337271e-01
8.021684007204130662e-01 1.978315992795868783e-01
5.903979758881520157e-01 4.096020241118480398e-01
6.181315481441352899e-01 3.818684518558646546e-01
5.953991315021827102e-01 4.046008684978172898e-01
9.161520570793761920e-01 8.384794292062376642e-02
7.504969813119766187e-01 2.495030186880233258e-01
4.346297438977174132e-01 5.653702561022825313e-01
2.568856300389741332e-01 7.431143699610258668e-01
7.976537672997858763e-01 2.023462327002141792e-01
6.528102225005026626e-02 9.347189777499497199e-01
8.058612720301474575e-01 1.941387279698525425e-01
4.652375183450077056e-01 5.347624816549922944e-01
6.269345279387283920e-02 9.373065472061271608e-01
5.056876429924389571e-01 4.943123570075610429e-01
2.727757261304147862e-01 7.272242738695852138e-01
7.895214515043659231e-01 2.104785484956340769e-01
2.305244612680953653e-01 7.694755387319046624e-01
7.942109995480114426e-01 2.057890004519885296e-01
2.190705838471529443e-01 7.809294161528470557e-01
8.183816777846084634e-01 1.816183222153915922e-01
6.111413735765941491e-01 3.888586264234059064e-01
3.002676649849520540e-01 6.997323350150479460e-01
6.826383244246433391e-01 3.173616755753567165e-01
1.190976510655999826e-01 8.809023489344000035e-01
5.469576005089401560e-01 4.530423994910598440e-01
9.787651472228440230e-01 2.123485277715596656e-02
5.848434462429001890e-01 4.151565537570997555e-01
2.939358314140477213e-01 7.060641685859523342e-01
4.875084418299911460e-01 5.124915581700087985e-01
6.274774239314456770e-01 3.725225760685542675e-01
2.399545489496187622e-01 7.600454510503812378e-01
4.771693693786222545e-01 5.228306306213776899e-01
8.112145828246498658e-01 1.887854171753501897e-01
3.104111235386995959e-01 6.895888764613004041e-01
2.617959901989838079e-01 7.382040098010161921e-01
4.111814022944797475e-01 5.888185977055202525e-01
4.753758963295319218e-01 5.246241036704680782e-01
4.655218073528247236e-01 5.344781926471752209e-01
9.152436171918090779e-02 9.084756382808191200e-01
9.639058259391803940e-01 3.609417406081958518e-02
5.923974300408961779e-01 4.076025699591038221e-01
1.807633708600930866e-01 8.192366291399069134e-01
9.009318612893475464e-01 9.906813871065242583e-02
9.876031260991456895e-01 1.239687390085426888e-02
3.171088533288436428e-01 6.828911466711563572e-01
5.734871279595664673e-01 4.265128720404334772e-01
4.212972829355365878e-01 5.787027170644634122e-01
5.992908348016693365e-01 4.007091651983307190e-01
3.556236163538137873e-01 6.443763836461862127e-01
6.912653161756399101e-01 3.087346838243600344e-01
5.642778852514995780e-01 4.357221147485004220e-01
9.854140818888170728e-01 1.458591811118297929e-02
5.140892820945806019e-01 4.859107179054194536e-01
2.993009724482628142e-01 7.006990275517371858e-01
1.554589850323606637e-01 8.445410149676393363e-01
1.466758084184852651e-01 8.533241915815147349e-01
1.913676216437541489e-01 8.086323783562459067e-01
6.028850319385498091e-01 3.971149680614501354e-01
4.749857823666712164e-01 5.250142176333287836e-01
7.100391301861326276e-01 2.899608698138673724e-01
5.320058745649501875e-01 4.679941254350498125e-01
8.179148181265586404e-01 1.820851818734413319e-01
5.073986326090085264e-01 4.926013673909914736e-01
5.274062691358352151e-01 4.725937308641647294e-01
8.388320610897663787e-01 1.611679389102336213e-01
2.798534943888054127e-01 7.201465056111945318e-01
4.902139922174690856e-01 5.097860077825309144e-01
7.656785396212073547e-01 2.343214603787927286e-01
2.702378612044765704e-01 7.297621387955235406e-01
2.554687451650573538e-01 7.445312548349426462e-01
4.043156109122894581e-01 5.956843890877105974e-01
1.798636229965342448e-01 8.201363770034657552e-01
8.707176862253181993e-01 1.292823137746818007e-01
7.517135720147426481e-01 2.482864279852572964e-01
7.127101531873672458e-02 9.287289846812633032e-01
3.377577928678199837e-01 6.622422071321799608e-01
6.876325894120197679e-01 3.123674105879802876e-01
6.873613505749289754e-01 3.126386494250710246e-01
7.845419943955315167e-01 2.154580056044684278e-01
6.400758547851225222e-01 3.599241452148775333e-01
6.337921317468425686e-01 3.662078682531573759e-01
5.346059263102189568e-02 9.465394073689781251e-01
8.288303970455916936e-01 1.711696029544082787e-01
4.048303469388062625e-01 5.951696530611937375e-01
6.357194315416863084e-01 3.642805684583137471e-01
7.672116691362946828e-01 2.327883308637054283e-01
4.535157411585510334e-01 5.464842588414489111e-01
4.675469511894569385e-01 5.324530488105430059e-01
6.793867157466202400e-01 3.206132842533797600e-01
5.274633843005626099e-01 4.725366156994373901e-01
8.297221731800460409e-01 1.702778268199539036e-01
3.485177825074962654e-01 6.514822174925037901e-01
5.792643085992491558e-01 4.207356914007508997e-01
9.027580355420257163e-01 9.724196445797422816e-02
2.497463027834241900e-01 7.502536972165757545e-01
6.106524991077093567e-01 3.893475008922905878e-01
6.208536753578522971e-01 3.791463246421477029e-01
6.370438372313461661e-01 3.629561627686538894e-01
6.356603893164011199e-01 3.643396106835988801e-01
6.744868284829720617e-02 9.325513171517028077e-01
4.881923840655664759e-01 5.118076159344334686e-01
5.068527716996047428e-01 4.931472283003953683e-01
8.363089788382039105e-03 9.916369102116179279e-01
5.781043912586584232e-01 4.218956087413415768e-01
7.562147674702328626e-01 2.437852325297671374e-01
5.494514515371883290e-01 4.505485484628116710e-01
4.366957039817457309e-01 5.633042960182542691e-01
8.213644890266990073e-01 1.786355109733010205e-01
4.936968323392722513e-01 5.063031676607278042e-01
5.810154816658281707e-01 4.189845183341718293e-01
6.307721174889406868e-01 3.692278825110593132e-01
3.881881717746851201e-01 6.118118282253149909e-01
6.294730938235727491e-01 3.705269061764273064e-01
5.294185494946480608e-01 4.705814505053520502e-01
1.768417283449467414e-01 8.231582716550532863e-01
5.760771952184842171e-01 4.239228047815157829e-01
8.030690797982977802e-01 1.969309202017021643e-01
8.632829496017966342e-01 1.367170503982033380e-01
3.709760062215641807e-02 9.629023993778436097e-01
4.009111118980067667e-01 5.990888881019932333e-01
4.550125656854359102e-01 5.449874343145640898e-01
4.172566838074723283e-01 5.827433161925276162e-01
3.077368621834713491e-01 6.922631378165285954e-01
3.761024859457084424e-01 6.238975140542916131e-01
2.902648616449125529e-01 7.097351383550875026e-01
2.011144705881263983e-01 7.988855294118736294e-01
1.859349914603316278e-01 8.140650085396683444e-01
3.154408307516244347e-01 6.845591692483755653e-01
7.066947971200875367e-01 2.933052028799124078e-01
7.843348319625268461e-01 2.156651680374731539e-01
5.160071372381664911e-01 4.839928627618335644e-01
6.097239013218900272e-01 3.902760986781100283e-01
3.628421361687553248e-01 6.371578638312447307e-01
1.005956006839054256e-01 8.994043993160946160e-01
7.383145280574231473e-01 2.616854719425769082e-01
7.497909442356652521e-02 9.250209055764334609e-01
8.800472997119561658e-01 1.199527002880438342e-01
2.948107955599568175e-01 7.051892044400432935e-01
5.882440798650930835e-01 4.117559201349069720e-01
4.716059568127680124e-01 5.283940431872320431e-01
5.568407199709559663e-01 4.431592800290441447e-01
8.991960785315648019e-01 1.008039214684351842e-01
8.954809076124057299e-01 1.045190923875942979e-01
4.663833074456011918e-01 5.336166925543988082e-01
5.482660862016732750e-01 4.517339137983267250e-01
4.022990687783521424e-01 5.977009312216478021e-01
1.472443282716167645e-01 8.527556717283832910e-01
9.241300398379475034e-01 7.586996016205253823e-02
6.964338986914624385e-01 3.035661013085375060e-01
7.320116278165290646e-01 2.679883721834709354e-01
5.188882993617903727e-01 4.811117006382095718e-01
6.791818011750303530e-01 3.208181988249697025e-01
5.783858176843675869e-01 4.216141823156324686e-01
7.992351460670903407e-01 2.007648539329096316e-01
8.213993254347704553e-01 1.786006745652295447e-01
5.715369757327247724e-01 4.284630242672751721e-01
4.341794760389591779e-01 5.658205239610408777e-01
5.299395792292316276e-01 4.700604207707684279e-01
9.100896429763659645e-01 8.991035702363402160e-02
3.100552776637249264e-01 6.899447223362750181e-01
6.862481820923542752e-01 3.137518179076456692e-01
7.739799042740577173e-01 2.260200957259423105e-01
5.861221519607355823e-01 4.138778480392643622e-01
5.565506935636037600e-01 4.434493064363962400e-01
3.396014259991801953e-01 6.603985740008198047e-01
7.331006573545485738e-02 9.266899342645451565e-01
1.965001538685063054e-01 8.034998461314937224e-01
3.229035630058026962e-01 6.770964369941973038e-01
7.569652439864875682e-01 2.430347560135124041e-01
5.203848776039921020e-01 4.796151223960079535e-01
4.144177642883312140e-01 5.855822357116687860e-01
7.436115690839509851e-01 2.563884309160490704e-01
1.463308819918138493e-01 8.536691180081861230e-01
5.013282079163893235e-01 4.986717920836106765e-01
2.746849168009157238e-01 7.253150831990842207e-01
7.164777672550163290e-01 2.835222327449836155e-01
6.506363314257668229e-01 3.493636685742331216e-01
9.565463537099559987e-01 4.345364629004400819e-02
5.185296207769158894e-01 4.814703792230840551e-01
5.484772933639416870e-01 4.515227066360582575e-01
4.395330491167145914e-01 5.604669508832854641e-01
4.267130897142519808e-01 5.732869102857480748e-01
5.250899351372313451e-01 4.749100648627685994e-01
4.622316036445383580e-01 5.377683963554615865e-01
4.276718237798982081e-02 9.572328176220101792e-01
5.419879506456211082e-01 4.580120493543790028e-01
2.455705650307867527e-01 7.544294349692132196e-01
6.336411159321603259e-01 3.663588840678396741e-01
1.746164376885507574e-01 8.253835623114492703e-01
4.596489091173413533e-01 5.403510908826586467e-01
7.182974352174048560e-01 2.817025647825951995e-01
6.073389142959334519e-01 3.926610857040664926e-01
6.028000686734867886e-01 3.971999313265132669e-01
2.014912722048125271e-01 7.985087277951874452e-01
3.777670843833726977e-01 6.222329156166273023e-01
7.742071394516581405e-03 9.922579286054834524e-01
5.630385518397992284e-01 4.369614481602007716e-01
5.818408215184894816e-01 4.181591784815105184e-01
3.542600154657074008e-01 6.457399845342927103e-01
2.664401724541626271e-01 7.335598275458373729e-01
5.045077970297924264e-01 4.954922029702076292e-01
3.381750179631419773e-01 6.618249820368580227e-01
8.384867555425848940e-01 1.615132444574150783e-01
2.462159334929805432e-01 7.537840665070194568e-01
5.872858050453240164e-01 4.127141949546759281e-01
5.230749839055415240e-01 4.769250160944584760e-01
5.479179179241757680e-01 4.520820820758241765e-01
1.668103991380658901e-01 8.331896008619340543e-01
4.438015783960653216e-01 5.561984216039347340e-01
4.849187369742582465e-01 5.150812630257417535e-01
5.084692020739061125e-01 4.915307979260939431e-01
9.922540331421729753e-01 7.745966857827062818e-03
9.390703126413703083e-01 6.092968735862974022e-02
5.246487491983065077e-01 4.753512508016935478e-01
7.919632288697968647e-01 2.080367711302031075e-01
6.847002287531155362e-01 3.152997712468845193e-01
2.710636210749710617e-01 7.289363789250289383e-01
5.345395971589654849e-01 4.654604028410345706e-01
6.398590995475729182e-01 3.601409004524270263e-01
9.257684800684798931e-01 7.423151993152005135e-02
3.931860332332045016e-01 6.068139667667955539e-01
8.459348737597038870e-01 1.540651262402960853e-01
6.822812575781468380e-01 3.177187424218531064e-01
4.766240079126208284e-01 5.233759920873791716e-01
4.458238579620634190e-01 5.541761420379365255e-01
5.821199129008334250e-01 4.178800870991665195e-01
4.670765712987122176e-01 5.329234287012878379e-01
3.613406596247222824e-01 6.386593403752777176e-01
2.197244786847522002e-01 7.802755213152477998e-01
3.588990574682485724e-01 6.411009425317514276e-01
3.526824811965470485e-01 6.473175188034528960e-01
2.036327833713121593e-01 7.963672166286878129e-01
3.808977326041093070e-01 6.191022673958908040e-01
5.074851922202187060e-01 4.925148077797812940e-01
3.402583258604662819e-01 6.597416741395336626e-01
5.102962981659682207e-01 4.897037018340318348e-01
6.228729806590731499e-01 3.771270193409268501e-01
7.851129292636835899e-01 2.148870707363164101e-01
2.473158782457479110e-01 7.526841217542520335e-01
4.483853194701653000e-01 5.516146805298346445e-01
7.063613250008039524e-01 2.936386749991961032e-01
6.125911023072426742e-01 3.874088976927572703e-01
3.041906106849217584e-01 6.958093893150781861e-01
6.851351659558853058e-01 3.148648340441146387e-01
4.315635313665899253e-01 5.684364686334101302e-01
5.644255856422346618e-01 4.355744143577653937e-01
3.054620844424305384e-02 9.694537915557569496e-01
4.134583077222894198e-01 5.865416922777105802e-01
7.939897519023711991e-01 2.060102480976287731e-01
4.480009931499915887e-01 5.519990068500083558e-01
3.920879606193266587e-01 6.079120393806733968e-01
9.784833647261208522e-01 2.151663527387919980e-02
6.655221418290868662e-01 3.344778581709131893e-01
5.746832042523552370e-02 9.425316795747644694e-01
5.321620254417365192e-01 4.678379745582634253e-01
4.897649834053000584e-01 5.102350165946999416e-01
7.211256825470038212e-01 2.788743174529961788e-01
7.337150734043949019e-01 2.662849265956051537e-01
2.304633556901227731e-01 7.695366443098772269e-01
4.549433946726746947e-01 5.450566053273252498e-01
5.992128251497773617e-01 4.007871748502226938e-01
7.797497883711803635e-01 2.202502116288196643e-01
2.742195341120586272e-01 7.257804658879414283e-01
4.256560511624459253e-01 5.743439488375541302e-01
5.360423979380769532e-01 4.639576020619231023e-01
3.859336081680724839e-01 6.140663918319274606e-01
6.093508553015467566e-01 3.906491446984531879e-01
5.884449913416879285e-01 4.115550086583120715e-01
1.097918329599929660e-01 8.902081670400070479e-01
5.715539777939256938e-01 4.284460222060742507e-01
4.208428748874962211e-01 5.791571251125037234e-01
7.095027677231825480e-01 2.904972322768173965e-01
4.181808752637977689e-01 5.818191247362022311e-01
6.598233321277801045e-01 3.401766678722198955e-01
5.292373622289637813e-01 4.707626377710362187e-01
5.496261372295366265e-02 9.450373862770463651e-01
6.266488457245856791e-01 3.733511542754143764e-01
4.971848318831681435e-01 5.028151681168318010e-01
2.745073151705872960e-01 7.254926848294127595e-01
6.142527958354400131e-01 3.857472041645599314e-01
1.878597424557134354e-01 8.121402575442865368e-01
4.074932477011422027e-01 5.925067522988578528e-01
4.408318376644749237e-01 5.591681623355251318e-01
5.797937156467030118e-01 4.202062843532970438e-01
4.926003663667342658e-01 5.073996336332656787e-01
3.837350596739179109e-01 6.162649403260820336e-01
7.502547126626289975e-01 2.497452873373710025e-01
2.196553152310170287e-01 7.803446847689829990e-01
9.818113712970002460e-01 1.818862870299975051e-02
7.657211197524633750e-01 2.342788802475366805e-01
3.394938858208803034e-01 6.605061141791197521e-01
5.285784050089085140e-01 4.714215949910914305e-01
6.007021766129857498e-01 3.992978233870141946e-01
2.307837188430417186e-01 7.692162811569582814e-01
6.561127656467959923e-01 3.438872343532040632e-01
8.477881812883263368e-01 1.522118187116736354e-01
6.548416619047482401e-01 3.451583380952517599e-01
3.233740318112930945e-01 6.766259681887069055e-01
4.235006899370609146e-01 5.764993100629390854e-01
8.251675599844928710e-01 1.748324400155071012e-01
5.427463748318169801e-01 4.572536251681830755e-01
5.619507290736690530e-01 4.380492709263309470e-01
6.185519802111394405e-01 3.814480197888606150e-01
5.785913029279552422e-01 4.214086970720447578e-01
6.529784637834309402e-01 3.470215362165690598e-01
1.724667812192373084e-01 8.275332187807626916e-01
7.502134386295173929e-01 2.497865613704826071e-01
5.303854891089267998e-01 4.696145108910732557e-01
5.955967389333315376e-01 4.044032610666684624e-01
2.010081367946063846e-01 7.989918632053936154e-01
7.107942436958607502e-01 2.892057563041391943e-01
6.515044150313271665e-01 3.484955849686728335e-01
8.951542707947521826e-01 1.048457292052478174e-01
3.948774710815709521e-01 6.051225289184289924e-01
8.944338432299685504e-01 1.055661567700314218e-01
1.367854599427247297e-01 8.632145400572752703e-01
7.646523296689660132e-01 2.353476703310340423e-01
5.878140198589250076e-01 4.121859801410749369e-01
2.251353268792271600e-01 7.748646731207728955e-01
7.222427174695001950e-01 2.777572825304998605e-01
3.721732072044410811e-01 6.278267927955589744e-01
5.371825080889034432e-01 4.628174919110965568e-01
3.337316981877385680e-01 6.662683018122614875e-01
1.884438999386859603e-01 8.115561000613140674e-01
3.354722597929899464e-01 6.645277402070101092e-01
4.832797681599606404e-03 9.951672023184003901e-01
6.501316089774022977e-01 3.498683910225977578e-01
2.038825746958245477e-01 7.961174253041753968e-01
7.176048182329856917e-02 9.282395181767014725e-01
4.251990909516040751e-01 5.748009090483959804e-01
4.638331561905068567e-01 5.361668438094930877e-01
5.498414083415362752e-01 4.501585916584637803e-01
9.416566021018876742e-02 9.058343397898112048e-01
5.496411970443046968e-01 4.503588029556953032e-01
1.070533639204710730e-01 8.929466360795289548e-01
3.266786162003523786e-02 9.673321383799647899e-01
5.750523053432090581e-01 4.249476946567909974e-01
5.926788724366691685e-01 4.073211275633307760e-01
5.898291719748552930e-01 4.101708280251447070e-01
1.535197802202325212e-01 8.464802197797675065e-01
2.754524067803033049e-01 7.245475932196966395e-01
5.815076190003214407e-01 4.184923809996786148e-01
1.203086676076437281e-02 9.879691332392356307e-01
5.166579238769673788e-02 9.483342076123032482e-01
5.340905329877030511e-02 9.465909467012296741e-01
3.344469282771941887e-01 6.655530717228058668e-01
4.302560287594270338e-01 5.697439712405729662e-01
9.996521259486732536e-01 3.478740513267531472e-04
3.936040018283626929e-01 6.063959981716373626e-01
4.530246554738258102e-01 5.469753445261742453e-01
5.325190009931286550e-01 4.674809990068713450e-01
9.181281017079969686e-01 8.187189829200305913e-02
3.675987699724913016e-01 6.324012300275086984e-01
3.717078642045979486e-01 6.282921357954021069e-01
4.003052733385113471e-01 5.996947266614885974e-01
4.984841866059208648e-01 5.015158133940791352e-01
4.896379981710498597e-01 5.103620018289500848e-01
6.609418158809370336e-01 3.390581841190630219e-01
5.399202629881800775e-01 4.600797370118199781e-01
5.114455341710072434e-01 4.885544658289927566e-01
8.205702536536076952e-01 1.794297463463923048e-01
3.667669819278728260e-01 6.332330180721271740e-01
5.552721737157770981e-02 9.444727826284222694e-01
1.223835397522183011e-01 8.776164602477817267e-01
2.552227541726401205e-01 7.447772458273598239e-01
4.629597531751086792e-01 5.370402468248913763e-01
6.264944906980606243e-01 3.735055093019393757e-01
7.569303246449265998e-01 2.430696753550734557e-01
6.427904534240347356e-01 3.572095465759652644e-01
4.498772963676481162e-01 5.501227036323518282e-01
4.271429414176413641e-01 5.728570585823586914e-01
3.758454780147844065e-01 6.241545219852155935e-01
1.311213659317609637e-01 8.688786340682390641e-01
9.525266046340434833e-01 4.747339536595662074e-02
8.209965599997385288e-01 1.790034400002614434e-01
7.550521420719890076e-01 2.449478579280110757e-01
2.466531784299233199e-01 7.533468215700767079e-01
8.543774250237771151e-01 1.456225749762228849e-01
1.869739639469107650e-02 9.813026036053089651e-01
2.780070670533258959e-01 7.219929329466741041e-01
5.141641493519474304e-01 4.858358506480525141e-01
5.474493009518252018e-01 4.525506990481748537e-01
7.566155868871088375e-01 2.433844131128911348e-01
8.208956709019121778e-01 1.791043290980877944e-01
6.810259310023523138e-01 3.189740689976476307e-01
7.916338063351714416e-01 2.083661936648285862e-01
7.674902077008135537e-01 2.325097922991864186e-01
2.290114210805646311e-01 7.709885789194353967e-01
5.916397123614207665e-01 4.083602876385792335e-01
6.205754226139960084e-01 3.794245773860040472e-01
2.788844750344042223e-01 7.211155249655958333e-01
6.964175125241963693e-01 3.035824874758036862e-01
5.018681964147344576e-01 4.981318035852655424e-01
5.031384668950695804e-01 4.968615331049304751e-01
5.310163143936739161e-01 4.689836856063261394e-01
5.348483495036143731e-01 4.651516504963856269e-01
7.269142839621001162e-01 2.730857160378999393e-01
3.187852354158315360e-01 6.812147645841684085e-01
7.211180979129527824e-01 2.788819020870472731e-01
6.388474857658611450e-01 3.611525142341389105e-01
7.680659402408334113e-01 2.319340597591665887e-01
5.014492754675714536e-01 4.985507245324284908e-01
3.305784884018004299e-01 6.694215115981995146e-01
5.434416233027429266e-01 4.565583766972570734e-01
7.117661469349917391e-01 2.882338530650082609e-01
9.738071196989709355e-01 2.619288030102903675e-02
7.159338867798080708e-01 2.840661132201919292e-01
6.309027506167906862e-01 3.690972493832093693e-01
5.414845137241623974e-01 4.585154862758375471e-01
2.899104242150992716e-01 7.100895757849007284e-01
6.968781180012177945e-01 3.031218819987821500e-01
7.680456631213936070e-02 9.231954336878606115e-01
6.441643461245569746e-01 3.558356538754430809e-01
1.414580183520356693e-01 8.585419816479643584e-01
1.540128608834169799e-01 8.459871391165830756e-01
4.534292761850357567e-01 5.465707238149642988e-01
1.736512530416294831e-01 8.263487469583705725e-01
6.172002396842227734e-01 3.827997603157772266e-01
1.413731611433562685e-01 8.586268388566437038e-01
4.835096953620713900e-01 5.164903046379286655e-01
5.833116488026620639e-01 4.166883511973379361e-01
2.444856238496273537e-01 7.555143761503727573e-01
5.870699131052901087e-01 4.129300868947100023e-01
2.330947173019414509e-01 7.669052826980585769e-01
3.790493914045144352e-01 6.209506085954855648e-01
7.502910308722559041e-01 2.497089691277441514e-01
8.351458361789670937e-01 1.648541638210329063e-01
3.179683492211870521e-01 6.820316507788130034e-01
3.263139928893918351e-01 6.736860071106082204e-01
8.942403412827733267e-02 9.105759658717226257e-01
4.473400804651532225e-01 5.526599195348467219e-01
5.124032001691497529e-01 4.875967998308501916e-01
6.860574016711395995e-01 3.139425983288604560e-01
1.728966412416417867e-02 9.827103358758357832e-01
4.627923176078372891e-01 5.372076823921626554e-01
5.604423936825424502e-01 4.395576063174575498e-01
3.126450451679717024e-01 6.873549548320283531e-01
7.851547337685932382e-01 2.148452662314067618e-01
1.531270426009411212e-01 8.468729573990588788e-01
8.228891492912847605e-01 1.771108507087152673e-01
3.286696616703801421e-01 6.713303383296198579e-01
4.200694665785022486e-01 5.799305334214976959e-01
5.813653870318810091e-01 4.186346129681189909e-01
4.615981820375796296e-01 5.384018179624204814e-01
5.456691636997280659e-01 4.543308363002719896e-01
2.218898323408361462e-01 7.781101676591638538e-01
4.480979895098430865e-01 5.519020104901569690e-01
9.668345214060179993e-01 3.316547859398202847e-02
4.031161245370539770e-01 5.968838754629459675e-01
8.138955407724595137e-01 1.861044592275404863e-01
5.417394124080248119e-01 4.582605875919752436e-01
4.854268488434853590e-01 5.145731511565146965e-01
2.005515361754044712e-01 7.994484638245955566e-01
5.132066126107694970e-01 4.867933873892304475e-01
4.815562594117245854e-01 5.184437405882753591e-01
1.242078059565560472e-01 8.757921940434439945e-01
1.332916491795138880e-01 8.667083508204861397e-01
4.801472395745541299e-01 5.198527604254458145e-01
1.539202883098217400e-01 8.460797116901782600e-01
6.985779032078983652e-01 3.014220967921015792e-01
4.255845101489958981e-01 5.744154898510041019e-01
8.146037281363388560e-02 9.185396271863660589e-01
4.163540270156967371e-01 5.836459729843033184e-01
1.472498557087057180e-01 8.527501442912942542e-01
6.700701755054363495e-01 3.299298244945636505e-01
4.387099734613605917e-01 5.612900265386394638e-01
5.013352084742790371e-01 4.986647915257209629e-01
7.018661738453771948e-01 2.981338261546227497e-01
2.140025780776337316e-01 7.859974219223663239e-01
4.283102775003045926e-01 5.716897224996955185e-01
6.732562535242568869e-01 3.267437464757430576e-01
3.906546246379965504e-01 6.093453753620035052e-01
2.222792905655308349e-01 7.777207094344691374e-01
8.405830521322859017e-01 1.594169478677141261e-01
3.204089794111704692e-01 6.795910205888295863e-01
8.400036354064448485e-01 1.599963645935552070e-01
4.294690455154521330e-02 9.570530954484547381e-01
6.905545288644009405e-01 3.094454711355990595e-01
8.563114855388711533e-01 1.436885144611289578e-01
4.513326908302944807e-01 5.486673091697055193e-01
4.843213282131289543e-01 5.156786717868709902e-01
1.336230606732179971e-01 8.663769393267820584e-01
6.872974241747807911e-01 3.127025758252191534e-01
1.744774944409382411e-01 8.255225055590617034e-01
6.343923728743636192e-02 9.365607627125636103e-01
4.474919337637484618e-01 5.525080662362514827e-01
5.207362417075103167e-01 4.792637582924896833e-01
7.916507903131104751e-01 2.083492096868895249e-01
5.063031835659397295e-01 4.936968164340602705e-01
1.299049946699854831e-03 9.987009500533001738e-01
2.943090082850930989e-01 7.056909917149070122e-01
7.871894061680707599e-01 2.128105938319292123e-01
9.153613863949588980e-01 8.463861360504104647e-02
8.772557444677056004e-01 1.227442555322944412e-01
8.842005398073340405e-01 1.157994601926659456e-01
9.458625325022621544e-01 5.413746749773781092e-02
4.516760081095843593e-01 5.483239918904156962e-01
5.375177245502860135e-01 4.624822754497140420e-01
2.527400421550483056e-01 7.472599578449516944e-01
8.145470517862809512e-01 1.854529482137190488e-01
9.950571702013641939e-01 4.942829798635762703e-03
4.330687295899796063e-01 5.669312704100204492e-01
1.682599990475337481e-01 8.317400009524662519e-01
2.459907376997552686e-01 7.540092623002447869e-01
6.223585679575754925e-01 3.776414320424244520e-01
4.482043191031839791e-01 5.517956808968160765e-01
4.335238555901982926e-01 5.664761444098017629e-01
9.061844413640961493e-01 9.381555863590385069e-02
1.409065969293777087e-01 8.590934030706223190e-01
6.270664401195924498e-02 9.372933559880407550e-01
7.433372598328445990e-01 2.566627401671554565e-01
1.766532628845332853e-01 8.233467371154666870e-01
8.451231150689972882e-01 1.548768849310027673e-01
3.964314586573927657e-01 6.035685413426071788e-01
2.584565610017948156e-01 7.415434389982051844e-01
7.254856418088880821e-01 2.745143581911119179e-01
8.779728676347874350e-01 1.220271323652126066e-01
6.602168713460235261e-02 9.339783128653976751e-01
1.343026473160858769e-01 8.656973526839141231e-01
4.027716192125376238e-01 5.972283807874623207e-01
2.971397763397569114e-01 7.028602236602431441e-01
2.157012246130226574e-01 7.842987753869773426e-01
3.302227778599909347e-01 6.697772221400091208e-01
7.046004870495823358e-01 2.953995129504176642e-01
2.825983275015693796e-01 7.174016724984305649e-01
9.020043798587388251e-01 9.799562014126116105e-02
3.332813239867909449e-01 6.667186760132089995e-01
3.999771833164634804e-01 6.000228166835365196e-01
8.553455254571098454e-01 1.446544745428901824e-01
9.655331554265051963e-01 3.446684457349475511e-02
7.711719025498141589e-01 2.288280974501857856e-01
3.119659317871530391e-01 6.880340682128470720e-01
2.817994564742981600e-01 7.182005435257018400e-01
6.648045903871749873e-01 3.351954096128250127e-01
4.865358383292608391e-01 5.134641616707391609e-01
2.584998292539116838e-01 7.415001707460883162e-01
3.092005165436425007e-01 6.907994834563574438e-01
9.483888913410128962e-01 5.161110865898709682e-02
3.347878782342640913e-01 6.652121217657359642e-01
5.232968112432683228e-01 4.767031887567317883e-01
4.273018429714650623e-01 5.726981570285349932e-01
5.060701853774014491e-01 4.939298146225985509e-01
4.115926345293194344e-01 5.884073654706806211e-01
5.967033366182540322e-01 4.032966633817459123e-01
5.235807606571915018e-01 4.764192393428085537e-01
1.830789314760297437e-01 8.169210685239702840e-01
1.810996598130151791e-01 8.189003401869848764e-01
7.382571743716355162e-01 2.617428256283644283e-01
4.292075064535449402e-01 5.707924935464551153e-01
7.137899488182944396e-02 9.286210051181705838e-01
7.566937783056448819e-01 2.433062216943551737e-01
3.584846781894457934e-01 6.415153218105542621e-01
3.816925261152274151e-01 6.183074738847725849e-01
3.301495790709646494e-01 6.698504209290353506e-01
9.932708732527779916e-02 9.006729126747221592e-01
2.872894621505059365e-01 7.127105378494940080e-01
3.381779200819806652e-01 6.618220799180193348e-01
1.509897518179179887e-01 8.490102481820820390e-01
5.921895492105181402e-01 4.078104507894818598e-01
7.574569069578993563e-01 2.425430930421006714e-01
6.608011576607956128e-01 3.391988423392044427e-01
6.949789488154314854e-02 9.305021051184568792e-01
7.880700799524003042e-01 2.119299200475997513e-01
8.062210502316292660e-01 1.937789497683707618e-01
8.990987255201912109e-01 1.009012744798087891e-01
4.967448638871583833e-01 5.032551361128415612e-01
4.557861514973881034e-01 5.442138485026120076e-01
5.001770893513338700e-01 4.998229106486661300e-01
2.924419967501564743e-01 7.075580032498435257e-01
6.420112501711577879e-02 9.357988749828841657e-01
3.408186129009556087e-01 6.591813870990443913e-01
7.088447260011454532e-01 2.911552739988546024e-01
9.023120213124226074e-01 9.768797868757737868e-02
7.831403294046935804e-01 2.168596705953065029e-01
9.719893352887548632e-01 2.801066471124512292e-02
7.402599909663860611e-01 2.597400090336139389e-01
2.688341391255119617e-01 7.311658608744879828e-01
4.588929135401555448e-01 5.411070864598443997e-01
3.606182188582975900e-01 6.393817811417025210e-01
7.215386361714148933e-01 2.784613638285851622e-01
7.989049105566442543e-01 2.010950894433557457e-01
7.394322172261409420e-01 2.605677827738591135e-01
8.118655966305599048e-01 1.881344033694400397e-01
8.350727320106481333e-01 1.649272679893518390e-01
5.339098805267892753e-03 9.946609011947321610e-01
3.475693661284636193e-01 6.524306338715364362e-01
4.422615365927011211e-01 5.577384634072989344e-01
7.529730106509094911e-01 2.470269893490905366e-01
5.049417362552010013e-01 4.950582637447989987e-01
7.539767113088798878e-01 2.460232886911201677e-01
9.240169505570698660e-02 9.075983049442930550e-01
5.978074429423945180e-01 4.021925570576055375e-01
2.032556987835609785e-01 7.967443012164390215e-01
7.474974186871254922e-01 2.525025813128745078e-01
4.760078331930483464e-01 5.239921668069515981e-01
2.846053347806841716e-01 7.153946652193158284e-01
7.516283545826322188e-01 2.483716454173677812e-01
3.482797769078462280e-01 6.517202230921538275e-01
4.777787741348484829e-01 5.222212258651516281e-01
5.028054766216752958e-01 4.971945233783247042e-01
4.055854772370910410e-01 5.944145227629089590e-01
3.619464188939672256e-01 6.380535811060327189e-01
6.012507277311840426e-01 3.987492722688159574e-01
4.959257444300411710e-01 5.040742555699588845e-01
1.897660196633687291e-01 8.102339803366312987e-01
2.288179586656715059e-01 7.711820413343285496e-01
1.969930639805883565e-01 8.030069360194117545e-01
4.419833212935883049e-01 5.580166787064116951e-01
7.623584124364596315e-01 2.376415875635404795e-01
7.165564077483510541e-01 2.834435922516490014e-01
4.917000677395517716e-01 5.082999322604482284e-01
7.842792718095840110e-01 2.157207281904159613e-01
8.327210883424894794e-01 1.672789116575105206e-01
4.834021407381947077e-01 5.165978592618053478e-01
2.744432011677042094e-01 7.255567988322957351e-01
6.605901501765728545e-01 3.394098498234272010e-01
7.238982819925884327e-01 2.761017180074115673e-01
6.759525866483527823e-01 3.240474133516473287e-01
3.013203875325452530e-01 6.986796124674546915e-01
4.962899084459158061e-01 5.037100915540843049e-01
7.453175209035443893e-02 9.254682479096455472e-01
1.102014813647368002e-01 8.897985186352631581e-01
8.135938603761597721e-01 1.864061396238402279e-01
6.087854474774541114e-01 3.912145525225459441e-01
7.589009396222465842e-01 2.410990603777534158e-01
6.500064473982126723e-01 3.499935526017873277e-01
4.723014528785724475e-01 5.276985471214276080e-01
5.384906789000385441e-01 4.615093210999614559e-01
4.919922546356874649e-01 5.080077453643124796e-01
6.234699141433897029e-01 3.765300858566102415e-01
6.321050533768494128e-01 3.678949466231506427e-01
1.252408365918329936e-01 8.747591634081669509e-01
8.727872347333424097e-01 1.272127652666576458e-01
7.324022317397533843e-01 2.675977682602466712e-01
5.309393648676514754e-01 4.690606351323485246e-01
6.684673242336069965e-01 3.315326757663929480e-01
8.680695053284369633e-01 1.319304946715630644e-01
4.003297290327827995e-01 5.996702709672172560e-01
4.785709089090998125e-01 5.214290910909001875e-01
3.220758378721710891e-01 6.779241621278289109e-01
1.510274219768067139e-01 8.489725780231932584e-01
9.886747514408170678e-01 1.132524855918293737e-02
6.256194550125694365e-01 3.743805449874305080e-01
8.063137054441775753e-01 1.936862945558223970e-01
6.510223850553060743e-01 3.489776149446938702e-01
3.552155267470100686e-01 6.447844732529899314e-01
7.586082686740119874e-01 2.413917313259879849e-01
8.300874206894774676e-02 9.169912579310522949e-01
5.012355101117318412e-01 4.987644898882682143e-01
6.589277216806967985e-01 3.410722783193031460e-01
9.848685828777014040e-01 1.513141712229854746e-02
4.147131584558041983e-01 5.852868415441958572e-01
6.757045845531391981e-01 3.242954154468607464e-01
7.134302325754461327e-01 2.865697674245538673e-01
6.777246304673476551e-01 3.222753695326523449e-01
4.580876208502263625e-01 5.419123791497736375e-01
3.572026964044761055e-01 6.427973035955238945e-01
7.886548871352720980e-01 2.113451128647279298e-01
4.920864603880087951e-01 5.079135396119911494e-01
7.124273604933809567e-01 2.875726395066190988e-01
6.294179313522714203e-01 3.705820686477286352e-01
3.490790964969227583e-01 6.509209035030772972e-01
8.153987052279352277e-01 1.846012947720648001e-01
8.633127616794389336e-02 9.136687238320562177e-01
4.712968358178553641e-01 5.287031641821446915e-01
7.610197292087987897e-01 2.389802707912012103e-01
2.448444179738995530e-01 7.551555820261004470e-01
3.817787839680933382e-01 6.182212160319067173e-01
3.607041082658359737e-02 9.639295891734164234e-01
3.683414781399201310e-01 6.316585218600798690e-01
2.765461243472256414e-01 7.234538756527744141e-01
6.064148208001914897e-01 3.935851791998084548e-01
4.022839127026372474e-01 5.977160872973626971e-01
5.625131597939910799e-01 4.374868402060090311e-01
9.363828359013167679e-01 6.361716409868324595e-02
2.877546048434310166e-01 7.122453951565690389e-01
3.482951408124189130e-01 6.517048591875811425e-01
9.094499049469105811e-01 9.055009505308946050e-02
5.245621295258079408e-01 4.754378704741920592e-01
2.509156534854334319e-01 7.490843465145665681e-01
5.726666687558941149e-01 4.273333312441058296e-01
4.174986801579092521e-01 5.825013198420907479e-01
3.788809686508379793e-01 6.211190313491620207e-01
9.356531164696122449e-01 6.434688353038774122e-02
1.916807904661571860e-01 8.083192095338428418e-01
1.947323878460730795e-01 8.052676121539269483e-01
9.615115575765470490e-01 3.848844242345294403e-02
9.399197228275646410e-01 6.008027717243538679e-02
9.190196322115492533e-01 8.098036778845074668e-02
8.040372757158699146e-01 1.959627242841300576e-01
6.826566701816966232e-01 3.173433298183033768e-01
3.384135897770209067e-01 6.615864102229790378e-01
5.513815084789452925e-01 4.486184915210546520e-01
4.667835821110625782e-01 5.332164178889373662e-01
6.272196212137131077e-01 3.727803787862868923e-01
3.382229360467999268e-01 6.617770639532001287e-01
5.383862966322165988e-01 4.616137033677834567e-01
4.413445682179083229e-02 9.558655431782091538e-01
5.434375601921942467e-01 4.565624398078058088e-01
2.222637841702578554e-01 7.777362158297421724e-01
1.406124940971051618e-01 8.593875059028948105e-01
3.546188034113222365e-01 6.453811965886777635e-01
5.680040097804698318e-01 4.319959902195302237e-01
4.005230026919258113e-01 5.994769973080742442e-01
3.384288085557694004e-01 6.615711914442305996e-01
2.835037899107537562e-01 7.164962100892462438e-01
7.073451056461366182e-01 2.926548943538634373e-01
8.974891899853391086e-01 1.025108100146609053e-01
4.959085557944836187e-01 5.040914442055164368e-01
9.976832760868740158e-01 2.316723913125959093e-03
6.106139825227863138e-01 3.893860174772136307e-01
4.912790022494829822e-02 9.508720997750517157e-01
1.380446194618674960e-01 8.619553805381324763e-01
9.454676441190142944e-01 5.453235588098574727e-02
6.143236834154696124e-01 3.856763165845303321e-01
8.902520245617845385e-01 1.097479754382154477e-01
2.888699300436090578e-01 7.111300699563910532e-01
2.648314074676790808e-01 7.351685925323209192e-01
5.561545919243505720e-01 4.438454080756494280e-01
3.386477338961282196e-02 9.661352266103871989e-01
9.348997443851851941e-01 6.510025561481479206e-02
6.048234668607374021e-01 3.951765331392627090e-01
6.086091994735743915e-01 3.913908005264255530e-01
1.101438923171949719e-01 8.898561076828049865e-01
2.736516292108865378e-01 7.263483707891134067e-01
1.054978874270802447e-01 8.945021125729197831e-01
9.742980928271517405e-01 2.570190717284824913e-02
